0.50000000000000000000000000000000 0.78539816339744830961566084581988
0.25000000000000000000000000000000 0.01039816339744830961566084581988
0.12500000000000000000000000000000 0.00260404575038948608624908111399
0.06250000000000000000000000000000 0.00065103977467605727930504345882
0.03125000000000000000000000000000 0.00016276038710108595407444407245
0.01562500000000000000000000000000 0.00004069010370470131413033057461
0.00781250000000000000000000000000 0.00001017252603444845495317518976
0.00390625000000000000000000000000 0.00000254313151030388210563543336
0.00195312500000000000000000000000 0.00000063578287760240440789761622
0.00097656250000000000000000000000 0.00000015894571940101413137339739
0.00048828125000000000000000000000 0.00000003973642985025998642770933
0.00024414062500000000000000000000 0.00000000993410746256509744418296
0.00012207031250000000000000000000 0.00000000248352686564127593662786
0.00006103515625000000000000000000 0.00000000062088171641031900877543
0.00003051757812500000000000000000 0.00000000015522042910257975257852
