18.3952 5.92942e+10
24.4905 6.12125e+10
28.3896 6.23817e+10
31.5591 6.32922e+10
33.5012 6.38303e+10
37.157 6.47981e+10
38.8639 6.52282e+10
43.9833 6.64616e+10
49.5893 6.76179e+10
57.6339 6.89227e+10
62.0227 6.94398e+10
66.4095 6.98087e+10
70.3142 7.00074e+10
74.9443 7.00798e+10
80.0632 6.99495e+10
85.43 6.95841e+10
90.7927 6.89713e+10
93.2358 6.86138e+10
99.5734 6.74664e+10
104.458 6.63753e+10
108.851 6.52507e+10
112.023 6.43596e+10
116.416 6.30286e+10
119.834 6.19159e+10
123.007 6.08295e+10
125.693 5.98726e+10
131.554 5.76797e+10