18.3952 5.93209e+10
24.4905 6.12325e+10
28.3896 6.23977e+10
31.5591 6.33052e+10
33.5012 6.38415e+10
37.157 6.48063e+10
38.8639 6.52352e+10
43.9833 6.6465e+10
49.5893 6.7618e+10
57.6339 6.89193e+10
62.0227 6.9435e+10
66.4095 6.98027e+10
70.3142 7.00006e+10
74.9443 7.00722e+10
80.0632 6.99413e+10
85.43 6.95757e+10
90.7927 6.89629e+10
93.2358 6.86056e+10
99.5734 6.74591e+10
104.458 6.63691e+10
108.851 6.52461e+10
112.023 6.43564e+10
116.416 6.30277e+10
119.834 6.19172e+10
123.007 6.08331e+10
125.693 5.98784e+10
131.554 5.76908e+10