18.3952 5.92993e+10
24.4905 6.12174e+10
28.3896 6.23863e+10
31.5591 6.32964e+10
33.5012 6.38343e+10
37.157 6.48017e+10
38.8639 6.52316e+10
43.9833 6.64643e+10
49.5893 6.76196e+10
57.6339 6.89231e+10
62.0227 6.94395e+10
66.4095 6.98078e+10
70.3142 7.0006e+10
74.9443 7.00778e+10
80.0632 6.99471e+10
85.43 6.95815e+10
90.7927 6.89686e+10
93.2358 6.86112e+10
99.5734 6.74639e+10
104.458 6.6373e+10
108.851 6.52487e+10
112.023 6.43578e+10
116.416 6.3027e+10
119.834 6.19145e+10
123.007 6.08283e+10
125.693 5.98716e+10
131.554 5.76788e+10