
position[i]
i=0  thickness_a
i=1  lambda_L
i=2  Hc
i=3  xi_0
i=4  l_1
i=5  l_2
i=6  x1
i=7  x2

lambda_L_T_H(T,H)=lambda_L_T(T)*(1+x1*(H/Hc)+x2*(H/Hc)^2)

很好的好的fit result
thickness_a   lambda_L     Hc     xi_0         l_1         l_2        x1       x2     方差       Hc换算成B/T

7.29186e-08 3.35301e-08 150703 3.95602e-08 7.24981e-09 5.09300e-08 -1.54024 1.84796 0.193495      0.18937
2.68325e-08 3.64713e-08 138403 6.43661e-08 3.21813e-09 4.12582e-08 -1.48377 1.63624 0.193110      0.17392
3.11678e-08 3.66236e-08 143118 5.08713e-08 7.27431e-09 3.55026e-08 -1.50609 1.71800 0.193126      0.17985
5.77506e-08 3.45521e-08 158986 8.90767e-08 3.70175e-09 3.75737e-08 -1.83597 2.34026 0.201037      0.19979
1.19609e-08 3.80083e-08 151314 7.49290e-08 2.97472e-09 3.72468e-08 -1.57910 1.90415 0.193047      0.19015
以下三个是固定xi_0从40nm到41nm的情况。
2.96116e-08 3.35788e-08 135075 4.04141e-08 7.65614e-09 5.08114e-08 -1.37169 1.47670 0.193032      0.16974
4.63545e-08 3.55781e-08 138009 4.06657e-08 3.99961e-09 2.58101e-08 -1.49884 1.64847 0.193206      0.17343
4.34118e-08 2.84330e-08 125894 4.04413e-08 7.97053e-09 9.03866e-08 -1.16366 1.16953 0.199959      0.15820
以下是固定xi_0和lambda_L的情况
1.98772e-08 3.20426e-08 139616 4.06671e-08 4.75054e-09 5.56963e-08 -1.43847 1.60064 0.193053      0.175447
6.12801e-08 3.27702e-08 140406 4.00359e-08 4.41851e-09 4.32978e-08 -1.49877 1.67696 0.193223      0.176439
5.41017e-08 3.11217e-08 147363 4.01208e-08 8.86936e-09 7.67754e-08 -1.41229 1.65904 0.192771      0.185182