18.3952 5.92012e+10
24.4905 6.11361e+10
28.3896 6.23161e+10
31.5591 6.32354e+10
33.5012 6.37788e+10
37.157 6.47567e+10
38.8639 6.51915e+10
43.9833 6.64385e+10
49.5893 6.76088e+10
57.6339 6.89317e+10
62.0227 6.94573e+10
66.4095 6.98335e+10
70.3142 7.00377e+10
74.9443 7.01152e+10
80.0632 6.99887e+10
85.43 6.96251e+10
90.7927 6.90118e+10
93.2358 6.86535e+10
99.5734 6.75016e+10
104.458 6.64051e+10
108.851 6.52744e+10
112.023 6.43781e+10
116.416 6.30391e+10
119.834 6.19196e+10
123.007 6.08265e+10
125.693 5.98637e+10
131.554 5.76571e+10