18.3952 5.93094e+10
24.4905 6.12195e+10
28.3896 6.23846e+10
31.5591 6.32924e+10
33.5012 6.38292e+10
37.157 6.4795e+10
38.8639 6.52245e+10
43.9833 6.64568e+10
49.5893 6.7613e+10
57.6339 6.89195e+10
62.0227 6.94377e+10
66.4095 6.98078e+10
70.3142 7.00074e+10
74.9443 7.00805e+10
80.0632 6.99504e+10
85.43 6.95846e+10
90.7927 6.89708e+10
93.2358 6.86128e+10
99.5734 6.74638e+10
104.458 6.63716e+10
108.851 6.52465e+10
112.023 6.43553e+10
116.416 6.3025e+10
119.834 6.19134e+10
123.007 6.08286e+10
125.693 5.98736e+10
131.554 5.7686e+10