18.3952 5.93098e+10
24.4905 6.12207e+10
28.3896 6.23861e+10
31.5591 6.32941e+10
33.5012 6.38309e+10
37.157 6.47968e+10
38.8639 6.52262e+10
43.9833 6.64584e+10
49.5893 6.76144e+10
57.6339 6.89203e+10
62.0227 6.94383e+10
66.4095 6.98081e+10
70.3142 7.00075e+10
74.9443 7.00804e+10
80.0632 6.99501e+10
85.43 6.95843e+10
90.7927 6.89705e+10
93.2358 6.86125e+10
99.5734 6.74636e+10
104.458 6.63715e+10
108.851 6.52466e+10
112.023 6.43554e+10
116.416 6.30251e+10
119.834 6.19134e+10
123.007 6.08285e+10
125.693 5.98733e+10
131.554 5.76853e+10