18.3952 5.93067e+10
24.4905 6.12663e+10
28.3896 6.24623e+10
31.5591 6.33945e+10
33.5012 6.39458e+10
37.157 6.49379e+10
38.8639 6.53791e+10
43.9833 6.66436e+10
49.5893 6.78296e+10s
57.6339 6.91659e+10s
62.0227 6.96931e+10
66.4095 7.00664e+10
70.3142 7.02637e+10
74.9443 7.03277e+10
80.0632 7.01797e+10
85.43 6.97863e+10
90.7927 6.91367e+10
93.2358 6.87599e+10
99.5734 6.75558e+10
104.458 6.6416e+10
108.851 6.52451e+10
112.023 6.43196e+10
116.416 6.29406e+10
119.834 6.17907e+10
123.007 6.06702e+10
125.693 5.96851e+10
131.554 5.7433e+10