18.3952 5.92942e+10
24.4905 6.12224e+10
28.3896 6.23958e+10
31.5591 6.33084e+10
33.5012 6.38473e+10
37.157 6.48156e+10
38.8639 6.52456e+10
43.9833 6.64768e+10
49.5893 6.76288e+10
57.6339 6.89256e+10
62.0227 6.94381e+10
66.4095 6.98029e+10
70.3142 6.99985e+10
74.9443 7.00682e+10
80.0632 6.99365e+10
85.43 6.95715e+10
90.7927 6.89606e+10
93.2358 6.86045e+10
99.5734 6.74614e+10
104.458 6.63739e+10
108.851 6.52523e+10
112.023 6.43628e+10
116.416 6.30332e+10
119.834 6.19207e+10
123.007 6.08335e+10
125.693 5.98753e+10
131.554 5.76768e+10