18.3952 5.93008e+10
24.4905 6.12178e+10
28.3896 6.23863e+10
31.5591 6.32961e+10
33.5012 6.38338e+10
37.157 6.4801e+10
38.8639 6.52309e+10
43.9833 6.64634e+10
49.5893 6.76187e+10
57.6339 6.89225e+10
62.0227 6.94391e+10
66.4095 6.98075e+10
70.3142 7.00059e+10
74.9443 7.00779e+10
80.0632 6.99472e+10
85.43 6.95816e+10
90.7927 6.89685e+10
93.2358 6.86111e+10
99.5734 6.74637e+10
104.458 6.63726e+10
108.851 6.52483e+10
112.023 6.43574e+10
116.416 6.30267e+10
119.834 6.19144e+10
123.007 6.08283e+10
125.693 5.98718e+10
131.554 5.76797e+10