18.3952 5.93062e+10
24.4905 6.12224e+10
28.3896 6.23904e+10
31.5591 6.33001e+10
33.5012 6.38377e+10
37.157 6.48049e+10
38.8639 6.52348e+10
43.9833 6.64676e+10
49.5893 6.76235e+10
57.6339 6.89285e+10
62.0227 6.94458e+10
66.4095 6.98151e+10
70.3142 7.00141e+10
74.9443 7.0087e+10
80.0632 6.99573e+10
85.43 6.95926e+10
90.7927 6.89804e+10
93.2358 6.86233e+10
99.5734 6.74768e+10
104.458 6.63865e+10
108.851 6.52629e+10
112.023 6.43724e+10
116.416 6.30425e+10
119.834 6.19307e+10
123.007 6.08453e+10
125.693 5.98894e+10
131.554 5.76986e+10