18.3952 5.96686e+10
24.4905 6.15371e+10
28.3896 6.26716e+10
31.5591 6.35526e+10
33.5012 6.40722e+10
37.157 6.50046e+10
38.8639 6.5418e+10
43.9833 6.66011e+10
49.5893 6.77041e+10
57.6339 6.89399e+10
62.0227 6.9425e+10
66.4095 6.97672e+10
70.3142 6.99471e+10
74.9443 7.0004e+10
80.0632 6.98656e+10
85.43 6.95023e+10
90.7927 6.89019e+10
93.2358 6.85534e+10
99.5734 6.74377e+10
104.458 6.63783e+10
108.851 6.52865e+10
112.023 6.44209e+10
116.416 6.3127e+10
119.834 6.20441e+10
123.007 6.09856e+10
125.693 6.00523e+10
131.554 5.79094e+10