
J^pi = 0.5^0
50 chennels in total

2body-ID  alpha     l      s      j      lmbd   I      T      lp     opT    Pi     opJ
1S0       0         0.0    0.0    0.0    0.0    0.5    1.0    -1.0   0.5    0.0    0.5
3S1       1         0.0    1.0    1.0    0.0    0.5    0.0    2.0    0.5    0.0    0.5
3S1       2         0.0    1.0    1.0    2.0    1.5    0.0    2.0    0.5    0.0    0.5
1P1       3         1.0    0.0    1.0    1.0    0.5    0.0    -1.0   0.5    0.0    0.5
1P1       4         1.0    0.0    1.0    1.0    1.5    0.0    -1.0   0.5    0.0    0.5
3P0       5         1.0    1.0    0.0    1.0    0.5    1.0    -1.0   0.5    0.0    0.5
3P1       6         1.0    1.0    1.0    1.0    0.5    1.0    -1.0   0.5    0.0    0.5
3P1       7         1.0    1.0    1.0    1.0    1.5    1.0    -1.0   0.5    0.0    0.5
3P2       8         1.0    1.0    2.0    1.0    1.5    1.0    3.0    0.5    0.0    0.5
3P2       9         1.0    1.0    2.0    3.0    2.5    1.0    3.0    0.5    0.0    0.5
1D2       10        2.0    0.0    2.0    2.0    1.5    1.0    -1.0   0.5    0.0    0.5
1D2       11        2.0    0.0    2.0    2.0    2.5    1.0    -1.0   0.5    0.0    0.5
3D1       12        2.0    1.0    1.0    0.0    0.5    0.0    0.0    0.5    0.0    0.5
3D1       13        2.0    1.0    1.0    2.0    1.5    0.0    0.0    0.5    0.0    0.5
3D2       14        2.0    1.0    2.0    2.0    1.5    0.0    -1.0   0.5    0.0    0.5
3D2       15        2.0    1.0    2.0    2.0    2.5    0.0    -1.0   0.5    0.0    0.5
3D3       16        2.0    1.0    3.0    2.0    2.5    0.0    4.0    0.5    0.0    0.5
3D3       17        2.0    1.0    3.0    4.0    3.5    0.0    4.0    0.5    0.0    0.5
1F3       18        3.0    0.0    3.0    3.0    2.5    0.0    -1.0   0.5    0.0    0.5
1F3       19        3.0    0.0    3.0    3.0    3.5    0.0    -1.0   0.5    0.0    0.5
3F2       20        3.0    1.0    2.0    1.0    1.5    1.0    1.0    0.5    0.0    0.5
3F2       21        3.0    1.0    2.0    3.0    2.5    1.0    1.0    0.5    0.0    0.5
3F3       22        3.0    1.0    3.0    3.0    2.5    1.0    -1.0   0.5    0.0    0.5
3F3       23        3.0    1.0    3.0    3.0    3.5    1.0    -1.0   0.5    0.0    0.5
3F4       24        3.0    1.0    4.0    3.0    3.5    1.0    5.0    0.5    0.0    0.5
3F4       25        3.0    1.0    4.0    5.0    4.5    1.0    5.0    0.5    0.0    0.5
1G4       26        4.0    0.0    4.0    4.0    3.5    1.0    -1.0   0.5    0.0    0.5
1G4       27        4.0    0.0    4.0    4.0    4.5    1.0    -1.0   0.5    0.0    0.5
3G3       28        4.0    1.0    3.0    2.0    2.5    0.0    2.0    0.5    0.0    0.5
3G3       29        4.0    1.0    3.0    4.0    3.5    0.0    2.0    0.5    0.0    0.5
3G4       30        4.0    1.0    4.0    4.0    3.5    0.0    -1.0   0.5    0.0    0.5
3G4       31        4.0    1.0    4.0    4.0    4.5    0.0    -1.0   0.5    0.0    0.5
3G5       32        4.0    1.0    5.0    4.0    4.5    0.0    6.0    0.5    0.0    0.5
3G5       33        4.0    1.0    5.0    6.0    5.5    0.0    6.0    0.5    0.0    0.5
          34        5.0    0.0    5.0    5.0    4.5    0.0    -1.0   0.5    0.0    0.5
          35        5.0    0.0    5.0    5.0    5.5    0.0    -1.0   0.5    0.0    0.5
          36        5.0    1.0    4.0    3.0    3.5    1.0    3.0    0.5    0.0    0.5
          37        5.0    1.0    4.0    5.0    4.5    1.0    3.0    0.5    0.0    0.5
          38        5.0    1.0    5.0    5.0    4.5    1.0    -1.0   0.5    0.0    0.5
          39        5.0    1.0    5.0    5.0    5.5    1.0    -1.0   0.5    0.0    0.5
          40        5.0    1.0    6.0    5.0    5.5    1.0    7.0    0.5    0.0    0.5
          41        5.0    1.0    6.0    7.0    6.5    1.0    7.0    0.5    0.0    0.5
          42        6.0    0.0    6.0    6.0    5.5    1.0    -1.0   0.5    0.0    0.5
          43        6.0    0.0    6.0    6.0    6.5    1.0    -1.0   0.5    0.0    0.5
          44        6.0    1.0    5.0    4.0    4.5    0.0    4.0    0.5    0.0    0.5
          45        6.0    1.0    5.0    6.0    5.5    0.0    4.0    0.5    0.0    0.5
          46        6.0    1.0    6.0    6.0    5.5    0.0    -1.0   0.5    0.0    0.5
          47        6.0    1.0    6.0    6.0    6.5    0.0    -1.0   0.5    0.0    0.5
          48        6.0    1.0    7.0    6.0    6.5    0.0    8.0    0.5    0.0    0.5
          49        6.0    1.0    7.0    8.0    7.5    0.0    8.0    0.5    0.0    0.5

