18.3952 6.0899e+10
24.4905 6.2603e+10
28.3896 6.35991e+10
31.5591 6.43521e+10
33.5012 6.47876e+10
37.157 6.55526e+10
38.8639 6.58847e+10
43.9833 6.6827e+10
49.5893 6.76619e+10
57.6339 6.85455e+10
62.0227 6.88675e+10
66.4095 6.90743e+10
70.3142 6.91608e+10
74.9443 6.9143e+10
80.0632 6.89808e+10
85.43 6.86318e+10
90.7927 6.81077e+10
93.2358 6.78111e+10
99.5734 6.68739e+10
104.458 6.59879e+10
108.851 6.50713e+10
112.023 6.43396e+10
116.416 6.32376e+10
119.834 6.23026e+10
123.007 6.13777e+10
125.693 6.05527e+10
131.554 5.86224e+10