18.3952 5.89769e+10
24.4905 6.11461e+10
28.3896 6.24256e+10
31.5591 6.33992e+10
33.5012 6.39652e+10
37.157 6.49651e+10
38.8639 6.5402e+10
43.9833 6.66412e+10
49.5893 6.7761e+10
57.6339 6.89787e+10
62.0227 6.94432e+10
66.4095 6.97634e+10
70.3142 6.99255e+10
74.9443 6.99661e+10
80.0632 6.98291e+10
85.43 6.94608e+10
90.7927 6.88713e+10
93.2358 6.85297e+10
99.5734 6.74324e+10
104.458 6.63813e+10
108.851 6.52864e+10
112.023 6.44136e+10
116.416 6.30838e+10
119.834 6.19578e+10
123.007 6.08432e+10
125.693 5.98488e+10
131.554 5.75234e+10