18.3952 5.89453e+10
24.4905 6.11194e+10
28.3896 6.24019e+10
31.5591 6.3378e+10
33.5012 6.39455e+10
37.157 6.49482e+10
38.8639 6.53863e+10
43.9833 6.66294e+10
49.5893 6.77532e+10
57.6339 6.89762e+10
62.0227 6.94434e+10
66.4095 6.97662e+10
70.3142 6.99304e+10
74.9443 6.99733e+10
80.0632 6.98386e+10
85.43 6.94725e+10
90.7927 6.88848e+10
93.2358 6.85439e+10
99.5734 6.74482e+10
104.458 6.6398e+10
108.851 6.53037e+10
112.023 6.44311e+10
116.416 6.31015e+10
119.834 6.19754e+10
123.007 6.08606e+10
125.693 5.98659e+10
131.554 5.75396e+10