18.3952 5.89445e+10
24.4905 6.09836e+10
28.3896 6.21866e+10
31.5591 6.31026e+10
33.5012 6.36353e+10
37.157 6.45772e+10
38.8639 6.4989e+10
43.9833 6.6162e+10
49.5893 6.72249e+10
57.6339 6.83911e+10
62.0227 6.88433e+10
66.4095 6.91625e+10
70.3142 6.93333e+10
74.9443 6.93962e+10
80.0632 6.92989e+10
85.43 6.8989e+10
90.7927 6.84746e+10
93.2358 6.81726e+10
99.5734 6.71935e+10
104.458 6.6248e+10
108.851 6.52581e+10
112.023 6.44667e+10
116.416 6.32567e+10
119.834 6.22293e+10
123.007 6.12099e+10
125.693 6.02985e+10
131.554 5.81614e+10
