18.3952 5.89991e+10
24.4905 6.11629e+10
28.3896 6.24389e+10
31.5591 6.34098e+10
33.5012 6.39742e+10
37.157 6.49713e+10
38.8639 6.54068e+10
43.9833 6.66424e+10
49.5893 6.77588e+10
57.6339 6.89725e+10
62.0227 6.94354e+10
66.4095 6.97543e+10
70.3142 6.99156e+10
74.9443 6.99557e+10
80.0632 6.98186e+10
85.43 6.94508e+10
90.7927 6.88624e+10
93.2358 6.85216e+10
99.5734 6.74267e+10
104.458 6.6378e+10
108.851 6.52856e+10
112.023 6.44148e+10
116.416 6.30881e+10
119.834 6.19647e+10
123.007 6.08526e+10
125.693 5.98604e+10
131.554 5.75401e+10