18.3952 6.06993e+10
24.4905 6.2465e+10
28.3896 6.34985e+10
31.5591 6.42806e+10
33.5012 6.47334e+10
37.157 6.55293e+10
38.8639 6.58752e+10
43.9833 6.6857e+10
49.5893 6.77298e+10
57.6339 6.86586e+10
62.0227 6.90004e+10
66.4095 6.92235e+10
70.3142 6.93212e+10
74.9443 6.93131e+10
80.0632 6.91567e+10
85.43 6.88083e+10
90.7927 6.82791e+10
93.2358 6.79782e+10
99.5734 6.70247e+10
104.458 6.61208e+10
108.851 6.51844e+10
112.023 6.44363e+10
116.416 6.33086e+10
119.834 6.23513e+10
123.007 6.1404e+10
125.693 6.05588e+10
131.554 5.85809e+10