18.3952 5.9736e+10
24.4905 6.17035e+10
28.3896 6.28601e+10
31.5591 6.37382e+10
33.5012 6.42477e+10
37.157 6.51462e+10
38.8639 6.55378e+10
43.9833 6.66497e+10
49.5893 6.7648e+10
57.6339 6.87254e+10
62.0227 6.91316e+10
66.4095 6.94067e+10
70.3142 6.95401e+10
74.9443 6.9561e+10
80.0632 6.94202e+10
85.43 6.90687e+10
90.7927 6.8517e+10
93.2358 6.81994e+10
99.5734 6.71841e+10
104.458 6.62149e+10
108.851 6.5207e+10
112.023 6.44001e+10
116.416 6.31817e+10
119.834 6.21464e+10
123.007 6.11214e+10
125.693 6.02066e+10
131.554 5.80657e+10