18.3952 6.04983e+10
24.4905 6.22533e+10
28.3896 6.32817e+10
31.5591 6.40607e+10
33.5012 6.45119e+10
37.157 6.53061e+10
38.8639 6.56516e+10
43.9833 6.66339e+10
49.5893 6.75102e+10
57.6339 6.84494e+10
62.0227 6.87996e+10
66.4095 6.90328e+10
70.3142 6.91412e+10
74.9443 6.91475e+10
80.0632 6.90095e+10
85.43 6.86828e+10
90.7927 6.81779e+10
93.2358 6.78889e+10
99.5734 6.69683e+10
104.458 6.6092e+10
108.851 6.51818e+10
112.023 6.44534e+10
116.416 6.3354e+10
119.834 6.24195e+10
123.007 6.1494e+10
125.693 6.06675e+10
131.554 5.87315e+10