352.61413203889447 -0.0003466141320388945 6.277766502253616e+27
352.0534073443166 5.439275305422109e-06 -9.992053292206998e+24
0.5594579335087246 4.879817371913384e-06 -9.958387210436227e+24
165.48699571766997 -0.0001606071783457566 6.277766502253616e+27
165.22490034762447 4.617722001867879e-06 -9.91424230774337e+24
0.26052208498912477 4.357199916878754e-06 -9.831220609562642e+24
30.850369810742905 -2.6493169893864153e-05 6.277766502253616e+27
30.802132502177002 4.30896260831285e-06 -9.809197384447277e+24
0.048054164595290286 4.26090844371756e-06 -9.7872577755413e+24
21.43695897670485 -1.7176050532987293e-05 6.277766502253616e+27
21.403590030460208 4.227539497472916e-06 -9.767166544434782e+24
0.03324871714226126 4.194290780330654e-06 -9.747110173159882e+24
16.158401969125016 -1.196411118879436e-05 6.277766502253616e+27
16.133352683521245 4.169241494726885e-06 -9.731999882736025e+24
0.024971741364362716 4.144269753362523e-06 -9.716936368735121e+24
16.10838094215368 -1.1964111188791155e-05 6.277766502253616e+27
16.083486385508525 4.119375196717369e-06 -9.698953409364937e+24
0.024810153823223744 4.0945650428941455e-06 -9.679377561485738e+24
12.267506761160798 -8.172941718266653e-06 6.277766502253616e+27
12.248621218135998 4.075679499869345e-06 -9.66447638352434e+24
0.018827484690586697 4.056852015178758e-06 -9.64962101507814e+24
12.22979373344506 -8.172941718266302e-06 6.277766502253616e+27
12.211024039773351 4.038082321507049e-06 -9.634811245228484e+24
0.018712168329636018 4.019370153177413e-06 -9.620046864349554e+24
12.192311871444351 -8.172941718266939e-06 6.277766502253616e+27
12.173656964405987 4.000715246139048e-06 -9.603161612510566e+24
0.018593720664511964 3.982121525474536e-06 -9.584164615557141e+24
9.380707914059643 -5.398586388585106e-06 6.277766502253616e+27
9.366408369844214 3.967821981259107e-06 -9.569554930771763e+24
0.014256015359135425 3.9535659658999715e-06 -9.55498971893321e+24
9.352152354484792 -5.39858638858482e-06 6.277766502253616e+27
9.337939669526484 3.939353280941664e-06 -9.540468777281748e+24
0.014169551808387902 3.925183729133276e-06 -9.525991904288324e+24
9.32377011771876 -5.398586388585484e-06 6.277766502253616e+27
9.309643503004818 3.911057114419334e-06 -9.511558899645246e+24
0.014083872488579981 3.896973241930754e-06 -9.497169564256948e+24
9.295559630516173 -5.39858638858542e-06 6.277766502253616e+27
9.281518306561304 3.8829319179758855e-06 -9.482311254155044e+24
0.013998212589402866 3.868933705386483e-06 -9.463979162702913e+24
7.226605464364232 -3.357671758977749e-06 6.277766502253616e+27
7.2157274722604 3.858055713282651e-06 -9.449733319186151e+24
0.01084529269583369 3.847210420586817e-06 -9.435530298889427e+24
7.204882179564677 -3.35767175897786e-06 6.277766502253616e+27
7.194069439055747 3.836397680077887e-06 -9.421369909011656e+24
0.01078033466067637 3.82561734541721e-06 -9.407251957907404e+24
7.183289104394522 -3.357671758977311e-06 6.277766502253616e+27
7.172541030119293 3.814869271141982e-06 -9.393176255078249e+24
0.010715958483286329 3.8041533126586956e-06 -9.379142611164199e+24
7.161825071636083 -3.357671758977388e-06 6.277766502253616e+27
7.151141085214049 3.7934693262366615e-06 -9.365150837935215e+24
0.01065215723508102 3.7828171690015805e-06 -9.351200748282781e+24
7.140488927979037 -3.3576717589774564e-06 6.277766502253616e+27
7.129868457906632 3.772196698929176e-06 -9.337292156211581e+24
0.010588924090298376 3.7616077748388774e-06 -9.323424876831214e+24
7.119279533817 -3.357671758978123e-06 6.277766502253616e+27
7.108722015365693 3.75105025638757e-06 -9.306659980453551e+24
0.010522934437916583 3.7405273219496534e-06 -9.289174839782099e+24
5.590425588109208 -1.8498982661595545e-06 6.277766502253616e+27
5.5821656897746115 3.7322674236150572e-06 -9.275450009967337e+24
0.008235526213439277 3.724031897401618e-06 -9.261765677408299e+24
0.2 3.724031897401618e-06 False
17.15366737011885 -1.115366737011885e-05 6.277766961182146e+27
17.126766967599 5.9730995974801505e-06 -9.853059561903248e+24
0.026838621684810594 5.94626097579534e-06 -9.845870830176606e+24
36.75886267800206 -3.0812601702206725e-05 6.277766961182146e+27
36.70130140260846 5.888699700401733e-06 -9.830392982693466e+24
0.057380935107897234 5.8313187652938355e-06 -9.811660800118703e+24
30.055348298323786 -2.422402953302995e-05 6.277766961182146e+27
30.008447432273126 5.784417899243175e-06 -9.79634986828876e+24
0.04675471808515093 5.7376631811580245e-06 -9.7792288602079e+24
26.70550041736767 -2.0967837236209646e-05 6.277766961182146e+27
26.66396446796639 5.696127231756744e-06 -9.76278441919578e+24
0.04140171854359252 5.6547255132131516e-06 -9.74639312133924e+24
24.61778367744646 -1.8963058164233312e-05 6.277766961182146e+27
24.579623186330807 5.6165650220974944e-06 -9.729440692365041e+24
0.038035168650082524 5.578529853447412e-06 -9.711268964685238e+24
20.326617225760035 -1.4748087372312624e-05 6.277766961182146e+27
20.295221928663803 5.547134556351178e-06 -9.696269509982987e+24
0.03129846400128787 5.5158360923498905e-06 -9.681316318376032e+24
20.263923464662568 -1.4748087372312676e-05 6.277766961182146e+27
20.23272138644988 5.4846340141372065e-06 -9.663613295535427e+24
0.031097153770354182 5.453536860366852e-06 -9.645773688786716e+24
16.814053799471438 -1.1360516939104586e-05 6.277766961182146e+27
16.788258680782747 5.42774174167816e-06 -9.630975717987174e+24
0.0257160932590221 5.402025648419138e-06 -9.616223081966463e+24
16.76254258752365 -1.1360516939104512e-05 6.277766961182146e+27
16.73690515709854 5.376388217994028e-06 -9.600165424308318e+24
0.02555553937977653 5.350832678614251e-06 -9.582649321048071e+24
13.980836288081562 -8.630003609467311e-06 6.277766961182146e+27
13.959527873620267 5.329524264152957e-06 -9.568044253142069e+24
0.021243560321233375 5.308280703831723e-06 -9.553483637117801e+24
13.938284313298885 -8.63000360946716e-06 6.277766961182146e+27
13.917105311483203 5.287101702016043e-06 -9.538967270343481e+24
0.021114737150517 5.265986964865526e-06 -9.524494951417037e+24
13.895990574332458 -8.630003609466933e-06 6.277766961182146e+27
13.874939809787248 5.244936200320315e-06 -9.507708166858075e+24
0.0209818857107188 5.2239543146095964e-06 -9.490611359469947e+24
11.647257780275869 -6.423303465666272e-06 6.277766961182146e+27
11.629676251967098 5.206372786300826e-06 -9.476285287579735e+24
0.01752852969824471 5.1888442566025816e-06 -9.462002400894538e+24
11.612147722269258 -6.423303465666677e-06 6.277766961182146e+27
11.594671951899823 5.171368486233145e-06 -9.447762504438864e+24
0.017423248884077598 5.153945237349068e-06 -9.433565404409179e+24
11.577248703014781 -6.423303465665713e-06 6.277766961182146e+27
11.559877739200097 5.136574273534383e-06 -9.419221595013073e+24
0.01731856618705837 5.119255707347325e-06 -9.402528880870153e+24
9.755053453554064 -4.6357977462067385e-06 6.277766961182146e+27
9.740464667300339 5.104666921093601e-06 -9.388467298866469e+24
0.01454521604324457 5.090121705050356e-06 -9.374447712548849e+24
9.725919451257276 -4.635797746206921e-06 6.277766961182146e+27
9.711417610528311 5.07561986432139e-06 -9.360469934064179e+24
0.014458659150217578 5.061161205171172e-06 -9.346533776678077e+24
9.696958951378722 -4.635797746207549e-06 6.277766961182146e+27
9.682543281223762 5.046745535016212e-06 -9.332639054766562e+24
0.014372872599697717 5.0323726624165145e-06 -9.318785583807826e+24
9.668170408623586 -4.635797746207071e-06 6.277766961182146e+27
9.653840143274172 5.0180423970671e-06 -9.304973180374064e+24
0.014287847277492735 5.003754549789607e-06 -9.289704523639676e+24
8.69296374892337 -3.6892091991337636e-06 6.277766961182146e+27
8.680119095382597 4.990909896248833e-06 -9.27513301095113e+24
0.012805586149157257 4.978104310099676e-06 -9.260605817947102e+24
8.163138299478879 -3.1850339893792026e-06 6.277766961182146e+27
8.151114237993026 4.966080248613824e-06 -9.246965219237859e+24
0.011988691410438927 4.954091557203385e-06 -9.233364745822853e+24
8.139125546582681 -3.1850339893792966e-06 6.277766961182146e+27
8.12717206940952 4.942138080030223e-06 -9.219804220912778e+24
0.011918417859882482 4.93021966217034e-06 -9.206283468755363e+24
8.115253651549608 -3.185033989379268e-06 6.277766961182146e+27
8.103370138986454 4.918336149607186e-06 -9.192802314627787e+24
0.011848760382161247 4.906487389225025e-06 -9.179360584829149e+24
8.091521378603964 -3.185033989378939e-06 6.277766961182146e+27
8.079707218181294 4.894673228802356e-06 -9.165958106673008e+24
0.011779711796958293 4.882893517005398e-06 -9.151755407732839e+24
7.590461615323258 -2.7075680983178595e-06 6.277766961182146e+27
7.579412315774988 4.871844217457129e-06 -9.137076181087113e+24
0.011015543950651898 4.860828673506477e-06 -9.12244179946218e+24
6.866614603519339 -2.005785930012862e-06 6.277766961182146e+27
6.856650965213529 4.850865035200666e-06 -9.109204896591722e+24
0.009934765199216548 4.84093027000145e-06 -9.096006352250129e+24
0.4 4.84093027000145e-06 False
6.7145033172727855 -7.14503317272785e-07 6.277767081355848e+27
6.704542706497823 5.990039389225038e-06 -9.318016321325622e+24
0.00993672542928543 5.9801026637957525e-06 -9.309482028849392e+24
0.6 5.9801026637957525e-06 False
4.161877643435311 1.8381223565646894e-06 1.286833678612868e+25
2.5051579588379997 4.343280315402689e-06 -4.207653219279146e+24
0.6172898875537692 3.72599042784892e-06 -1.2576812683881044e+24
0.2631733255996811 3.4628171022492387e-06 2.6507369490133806e+23
0.04581191819955364 3.5086290204487923e-06 -1.557090749207636e+22
0.002541766826214646 3.5060872536225777e-06 -2147483648.0
0.8 3.5060872536225777e-06 False
3.032218552012769 2.9677814479872312e-06 5.072446433087424e+24
1.2156062799553848 4.183387727942616e-06 -1.8818104733344658e+24
0.3289410586713829 3.854446669271233e-06 -2.6122207491136516e+23
0.053021893747536505 3.8014247755236967e-06 1.9104985297890237e+22
0.0036135737297598143 3.8050383492534565e-06 2147483648.0
1 3.8050383492534565e-06 False
1.738273974298611 4.261726025701389e-06 7.421853180270436e+23
0.21275536819288865 4.474481393894278e-06 -1.8786316249307435e+23
0.0429750675832971 4.431506326310981e-06 -3.7314011802009673e+21
0.0008708829848590817 4.4306354433261216e-06 0.0
1.5 4.4306354433261216e-06 False
1.052552352142978 4.947447647857022e-06 2.547240251542779e+22
0.007820859687413525 4.9552685075444355e-06 -3.6015424508429536e+21
2 4.9552685075444355e-06 False
0.5607977924724108 5.439202207527589e-06 -8.537086343826352e+22
0.027558763680147105 5.411643443847442e-06 5.156005789004519e+21
0.0015696239833050264 5.413213067830747e-06 2147483648.0
2.5 5.413213067830747e-06 False
0.1614767393463582 5.838523260653642e-06 -3.8166176353575145e+22
0.012875913710952543 5.825647346942689e-06 6.386156478635358e+20
0.00021190063268616127 5.8258592475753756e-06 0.0
3 5.8258592475753756e-06 False
0.1844609303485397 6.18446093034854e-06 5.308544444628167e+22
0.0187116422061348 6.203172572554675e-06 9.720821645065207e+20
0.0003490324335409057 6.2035216049882156e-06 0.0
3.5 6.2035216049882156e-06 False
0.49525568775497236 6.4952556877549725e-06 1.5311334105472464e+23
0.05606018594009569 6.551315873695068e-06 6.792034995723886e+21
0.002602237193115199 6.553918110888183e-06 5.253226061249485e+19
4 6.553918110888183e-06 False
0.7807646149132506 6.780764614913251e-06 2.5050690788983966e+23
0.09510290662762548 6.875867521540876e-06 1.5718839314391398e+22
0.0063670497256589085 6.882234571266535e-06 -2147483648.0
4.5 6.882234571266535e-06 False
1.046937431105587 7.046937431105587e-06 3.414811958232118e+23
0.1341441093324502 7.181081540438037e-06 2.6682290956226326e+22
0.011370027341056355 7.192451567779094e-06 3.4788510641629115e+20
0.00015020134473700894 7.192601769123831e-06 0.0
5 7.192601769123831e-06 False
1.5356593106934797 7.53565931069348e-06 4.9979742449731e+23
0.20892639756919149 7.744585708262671e-06 5.042124813823616e+22
0.023442118849768184 7.76802782711244e-06 4.316081009331945e+20
0.00020239810470855054 7.768230225217148e-06 0.0
6 7.768230225217148e-06 False
1.9808371236532774 7.980837123653278e-06 6.307183250613127e+23
0.27873297213492826 8.259570095788206e-06 7.336641452560834e+22
0.0366907126162912 8.296260808404497e-06 1.590042466344602e+21
0.0008127993865744096 8.297073607791071e-06 7.478331879666483e+18
7 8.297073607791071e-06 False
2.393322032409015 8.393322032409015e-06 7.387813693206946e+23
0.34324409662983446 8.73656612903885e-06 9.54213058126692e+22
0.050908972705453664 8.787475101744303e-06 1.9193718291001801e+21
0.0010450398606355318 8.788520141604939e-06 1.92741061639264e+19
8 8.788520141604939e-06 False
2.779942981705489 8.779942981705489e-06 8.2975624086781e+23
0.4034993169539989 9.183442298659488e-06 1.1474761709985922e+23
0.0647552820802318 9.24819758073972e-06 2.743644730391068e+21
0.001586242743769443 9.24978382348349e-06 0.0
9 9.24978382348349e-06 False
3.146465090367618 9.146465090367618e-06 9.048867386870982e+23
0.4588860717000379 9.605351162067656e-06 1.3186257006849854e+23
0.0782768498572769 9.683628011924933e-06 3.4555736119214573e+21
0.002106516188800969 9.685734528113734e-06 2.4944298580533838e+19
10 9.685734528113734e-06 False
3.495627609070997 9.495627609070997e-06 9.682767230294994e+23
0.5106002228365535 1.000622783190755e-05 1.4642619045551861e+23
0.09097182822469617 1.0097199660132247e-05 4.3303262339744137e+21
0.0027723375094133684 1.009997199764166e-05 1.1023259690917167e+19
11 1.009997199764166e-05 False
3.829004601471683 9.829004601471683e-06 1.0230829299532177e+24
0.559467471973482 1.0388472073445165e-05 1.596160014606623e+23
0.10342024445523605 1.0491892317900401e-05 4.941015262210225e+21
0.003303708109720347 1.0495196026010122e-05 7.031764787516146e+18
12 1.0495196026010122e-05 False
4.148602990298892 1.0148602990298892e-05 1.0707328368020025e+24
0.6056908233003641 1.0754293813599256e-05 1.718547238868765e+23
0.11580082739085101 1.0870094640990107e-05 5.394832853459425e+21
0.0037530128380324655 1.087384765382814e-05 1.1883497687758143e+19
13 1.087384765382814e-05 False
4.456085296855472 1.0456085296855472e-05 1.1131982571884276e+24
0.6500390489985187 1.110612434585399e-05 1.825073578648923e+23
0.12747187001394117 1.1233596215867932e-05 5.910661988324267e+21
0.004266462251357664 1.123786267811929e-05 2.3499248913874944e+19
14 1.123786267811929e-05 False
4.752799887584715 1.0752799887584714e-05 1.1506398874235984e+24
0.6922389027310188 1.1445038790315733e-05 1.923408804502878e+23
0.13893976625704071 1.1583978556572774e-05 6.431123105245146e+21
0.004806303626950955 1.1588784860199725e-05 4.058654050301143e+19
15 1.1588784860199725e-05 False
5.039854158030252 1.1039854158030253e-05 1.1841427168742112e+24
0.7327140206412194 1.1772568178671472e-05 2.0113836648279037e+23
0.1499249735284773 1.192249315219995e-05 6.952232769329448e+21
0.005367599086367582 1.1927860751286317e-05 6.532926335981978e+19
16 1.1927860751286317e-05 False
5.318171386228457 1.1318171386228457e-05 1.2144297499659797e+24
0.7717301689469082 1.2089901555175365e-05 2.093247568094222e+23
0.1607217465212047 1.225062330169657e-05 7.277416037660553e+21
0.005788935460701434 1.2256412237157271e-05 2.907240731620724e+19
17 1.2256412237157271e-05 False
5.588531877977799 1.15885318779778e-05 1.2417503182928468e+24
0.8092692821068077 1.2397801160084607e-05 2.1661296968913734e+23
0.17099974234098228 1.2568800902425589e-05 7.877116218621588e+21
0.006453059315776358 1.2575253961741365e-05 6.226046793930716e+19
18 1.2575253961741365e-05 False
5.851602920261907 1.1851602920261907e-05 1.2665543754875666e+24
0.8454963630661831 1.269709928332809e-05 2.2358598158854854e+23
0.18125298462687975 1.287835226795497e-05 8.109084946190763e+21
0.0068211296523792405 1.288517339760735e-05 3.516553200003973e+19
19 1.288517339760735e-05 False
6.107960993665599 1.21079609936656e-05 1.2891951688168874e+24
0.8805419739706634 1.2988502967636263e-05 2.2992691479333016e+23
0.1911322260929394 1.3179635193729202e-05 8.44367422369717e+21
0.007286593092226519 1.3186921786821429e-05 8.513893775069046e+19
20 1.3186921786821429e-05 False
6.358108567611765 1.2358108567611765e-05 1.309953881909734e+24
0.9145106005994874 1.3272619168211252e-05 2.3569477075854808e+23
0.20064560228265432 1.3473264770493907e-05 8.963770943927524e+21
0.007932489254837454 1.3481197259748744e-05 5.765301816523542e+19
21 1.3481197259748744e-05 False
6.602487028791449 1.2602487028791449e-05 1.3290571751358814e+24
0.9474867187115019 1.354997374750295e-05 2.411607311319813e+23
0.210035239182645 1.3760008986685596e-05 9.201208691830607e+21
0.008331531501823522 1.376834051818742e-05 4.111702523887642e+19
22 1.376834051818742e-05 False
6.841486792936699 1.28414867929367e-05 1.346689881109109e+24
0.979539259331991 1.382102605226869e-05 2.4628841596443336e+23
0.21923741488669435 1.4040263467155385e-05 9.373364149952298e+21
0.008673961866450655 1.4048937429021835e-05 1.0883145244046944e+20
23 1.4048937429021835e-05 False
7.0754553259609185 1.3075455325960918e-05 1.363004334852298e+24
1.010724941315374 1.4086180267276292e-05 2.5105734519554725e+23
0.22820325325750865 1.4314383520533801e-05 9.713235598530346e+21
0.009184363218735225 1.4323567883752536e-05 9.585254523101984e+19
24 1.4323567883752536e-05 False
7.30470358683418 1.330470358683418e-05 1.3781273269321723e+24
1.0410907904011124 1.4345794377235292e-05 2.5553424353384154e+23
0.23698199419673371 1.4582776371432026e-05 1.0001886203046179e+22
0.009653582785968284 1.4592429954217994e-05 8.697315622295857e+19
25 1.4592429954217994e-05 False
7.529511260757698 1.3529511260757698e-05 1.392199271880964e+24
1.0707058623910912 1.460021712314879e-05 2.5974142382709252e+23
0.2455779397665025 1.4845795062915292e-05 1.0256079368617992e+22
0.010095450083024822 1.4855890512998317e-05 8.185132662705357e+19
8.121756056487476e-05 1.4855971730558882e-05 0.0
26 1.4855971730558882e-05 False
7.7501310524092455 1.3750131052409246e-05 1.405468014319922e+24
1.0997455182592877 1.4849876570668534e-05 2.6357953836039247e+23
0.2538517745991928 1.5103728345267726e-05 1.051341586331528e+22
0.010546055108710784 1.5114274400376437e-05 8.024352439095054e+19
8.111172736920624e-05 1.5114355512103806e-05 -2147483648.0
27 1.5114355512103806e-05 False
7.96679223984002 1.396679223984002e-05 1.4178318409037715e+24
1.1280837547156315 1.5094875994555651e-05 2.672432699544052e+23
0.2620161533013496 1.5356892147857e-05 1.0747838172947515e+22
0.010979171031709863 1.536787131888871e-05 8.153059569220714e+19
8.392204593133854e-05 1.5367955240934642e-05 2147483648.0
28 1.5367955240934642e-05 False
8.179703640278555 1.4179703640278555e-05 1.4293542583944295e+24
1.1557420998657382 1.5335445740144293e-05 2.70761993196428e+23
0.2700959120654864 1.560554165220978e-05 1.0964124220706173e+22
0.011398727568730688 1.561694037977851e-05 8.536121456609513e+19
8.944116433405981e-05 1.5617029820942844e-05 0.0
29 1.5617029820942844e-05 False
8.389056103375417 1.4389056103375417e-05 1.440239483791535e+24
1.1828786253962869 1.5571934728771703e-05 2.740262525179388e+23
0.27794213631663856 1.5849876865088342e-05 1.1193953206857802e+22
0.011837476886583067 1.5861714341974925e-05 9.1619052652331e+19
9.768562205610034e-05 1.586181202759698e-05 2147483648.0
30 1.586181202759698e-05 False
0.2 3.602965141643997e-06 False
0.4 4.513616943204086e-06 False
0.6 5.232644546405599e-06 False
0.8 3.191678855753044e-06 False
1 3.450441643462435e-06 False
1.5 3.992121674510677e-06 False
2 4.446209895957114e-06 False
2.5 4.843401170449571e-06 False
3 5.199700019923092e-06 False
3.5 5.525475634023963e-06 False
4 5.827977877142306e-06 False
4.5 6.111387235514663e-06 False
5 6.378899243333309e-06 False
6 6.875709856825765e-06 False
7 7.33181145880941e-06 False
8 7.755697894322727e-06 False
9 8.153500108063685e-06 False
10 8.529474726247795e-06 False
11 8.886535077557809e-06 False
12 9.227179627147715e-06 False
13 9.553285407600192e-06 False
14 9.86674339566324e-06 False
15 1.0168847516858747e-05 False
16 1.0460924165276812e-05 False
17 1.0743717906099087e-05 False
18 1.1018119508823883e-05 False
19 1.1284915307594777e-05 False
20 1.1544717515825509e-05 False
21 1.1797985404652823e-05 False
22 1.2045193276043914e-05 False
23 1.228675448743338e-05 False
24 1.2523106623870701e-05 False
25 1.275455622272243e-05 False
26 1.2981352336666658e-05 False
27 1.3203748809085343e-05 False
28 1.3421971430659493e-05 False
29 1.3636390675978011e-05 False
30 1.3847112454336433e-05 False
0.2 3.967948557560217e-06 False
0.4 5.103557690535811e-06 False
0.6 3.473297229734506e-06 False
0.8 3.8653240368231115e-06 False
1 4.209057982693604e-06 False
1.5 4.929465432526337e-06 False
2 5.532431890996231e-06 False
2.5 6.061817848810018e-06 False
3 6.5378851003367204e-06 False
3.5 6.974435072571926e-06 False
4 7.379278165263024e-06 False
4.5 7.758915220617982e-06 False
5 8.117600805976088e-06 False
6 8.783201057773258e-06 False
7 9.394447696259087e-06 False
8 9.96288976527656e-06 False
9 1.0496096061686913e-05 False
10 1.1000201116935795e-05 False
11 1.1479337470062554e-05 False
12 1.1936637389380299e-05 False
13 1.2374895042492394e-05 False
14 1.279618779469152e-05 False
15 1.3202565086620305e-05 False
16 1.3595281690292512e-05 False
17 1.3975687208973113e-05 False
18 1.4344887566165355e-05 False
19 1.4703802346672664e-05 False
20 1.5053202642843301e-05 False
21 1.539395720723884e-05 False
22 1.572665135019668e-05 False
23 1.605160069220915e-05 False
24 1.6369685111336785e-05 False
25 1.6680966028626575e-05 False
26 1.698619187877975e-05 False
27 1.7285352517731834e-05 False
28 1.7579159238604174e-05 False
29 1.7867664361522454e-05 False
30 1.8151111012138887e-05 False
