0.0 2.999209e+03 3.214295e+24
0.1 1.933695e+01 3.235019e+24
0.2 1.946926e+01 3.255885e+24
0.3 1.960243e+01 3.276893e+24
0.4 1.973646e+01 3.298045e+24
0.5 1.987135e+01 3.319341e+24
0.6 2.000711e+01 3.340783e+24
0.7 2.014375e+01 3.362371e+24
0.8 2.028128e+01 3.384107e+24
0.9 2.041969e+01 3.405991e+24
1.0 2.055901e+01 3.428024e+24
1.1 2.069922e+01 3.450208e+24
1.2 2.084034e+01 3.472543e+24
1.3 2.098238e+01 3.495030e+24
1.4 2.112535e+01 3.517670e+24
1.5 2.126924e+01 3.540465e+24
1.6 2.141407e+01 3.563415e+24
1.7 2.155984e+01 3.586521e+24
1.8 2.170656e+01 3.609784e+24
1.9 2.185423e+01 3.633206e+24
2.0 2.200287e+01 3.656786e+24
2.1 2.215248e+01 3.680527e+24
2.2 2.230306e+01 3.704430e+24
2.3 2.245463e+01 3.728495e+24
2.4 2.260719e+01 3.752723e+24
2.5 2.276075e+01 3.777116e+24
2.6 2.291531e+01 3.801675e+24
2.7 2.307088e+01 3.826400e+24
2.8 2.322747e+01 3.851294e+24
2.9 2.338509e+01 3.876356e+24
3.0 2.354374e+01 3.901588e+24
3.1 2.370343e+01 3.926991e+24
3.2 2.386417e+01 3.952567e+24
3.3 2.402596e+01 3.978316e+24
3.4 2.418882e+01 4.004239e+24
3.5 2.435274e+01 4.030338e+24
3.6 2.451775e+01 4.056614e+24
3.7 2.468383e+01 4.083068e+24
3.8 2.485101e+01 4.109702e+24
3.9 2.501930e+01 4.136515e+24
4.0 2.518868e+01 4.163510e+24
4.1 2.535919e+01 4.190688e+24
4.2 2.553082e+01 4.218050e+24
4.3 2.570358e+01 4.245597e+24
4.4 2.587747e+01 4.273330e+24
4.5 2.605252e+01 4.301251e+24
4.6 2.622872e+01 4.329360e+24
4.7 2.640608e+01 4.357660e+24
4.8 2.658462e+01 4.386151e+24
4.9 2.676433e+01 4.414835e+24
5.0 2.694523e+01 4.443713e+24
5.1 2.712733e+01 4.472785e+24
5.2 2.731063e+01 4.502055e+24
5.3 2.749514e+01 4.531522e+24
5.4 2.768087e+01 4.561188e+24
5.5 2.786783e+01 4.591054e+24
5.6 2.805603e+01 4.621122e+24
5.7 2.824548e+01 4.651393e+24
5.8 2.843618e+01 4.681868e+24
5.9 2.862814e+01 4.712550e+24
6.0 2.882138e+01 4.743438e+24
6.1 2.901590e+01 4.774535e+24
6.2 2.921170e+01 4.805841e+24
6.3 2.940881e+01 4.837359e+24
6.4 2.960722e+01 4.869090e+24
6.5 2.980695e+01 4.901034e+24
6.6 3.000800e+01 4.933194e+24
6.7 3.021039e+01 4.965571e+24
6.8 3.041413e+01 4.998166e+24
6.9 3.061921e+01 5.030981e+24
7.0 3.082566e+01 5.064018e+24
7.1 3.103348e+01 5.097277e+24
7.2 3.124268e+01 5.130760e+24
7.3 3.145328e+01 5.164469e+24
7.4 3.166527e+01 5.198405e+24
7.5 3.187867e+01 5.232570e+24
7.6 3.209349e+01 5.266965e+24
7.7 3.230974e+01 5.301592e+24
7.8 3.252743e+01 5.336452e+24
7.9 3.274657e+01 5.371547e+24
8.0 3.296717e+01 5.406878e+24
8.1 3.318924e+01 5.442448e+24
8.2 3.341278e+01 5.478256e+24
8.3 3.363781e+01 5.514307e+24
8.4 3.386435e+01 5.550599e+24
8.5 3.409239e+01 5.587137e+24
8.6 3.432195e+01 5.623920e+24
8.7 3.455304e+01 5.660951e+24
8.8 3.478567e+01 5.698231e+24
8.9 3.501986e+01 5.735763e+24
9.0 3.525560e+01 5.773547e+24
9.1 3.549292e+01 5.811585e+24
9.2 3.573182e+01 5.849879e+24
9.3 3.597231e+01 5.888431e+24
9.4 3.621441e+01 5.927243e+24
9.5 3.645812e+01 5.966315e+24
9.6 3.670346e+01 6.005651e+24
9.7 3.695044e+01 6.045251e+24
9.8 3.719906e+01 6.085118e+24
9.9 3.744935e+01 6.125253e+24
10.0 3.770130e+01 6.165658e+24
10.1 3.795494e+01 6.206335e+24
10.2 3.821028e+01 6.247285e+24
10.3 3.846732e+01 6.288511e+24
10.4 3.872607e+01 6.330015e+24
10.5 3.898656e+01 6.371797e+24
10.6 3.924879e+01 6.413861e+24
10.7 3.951277e+01 6.456207e+24
10.8 3.977851e+01 6.498838e+24
10.9 4.004603e+01 6.541756e+24
11.0 4.031534e+01 6.584963e+24
11.1 4.058645e+01 6.628460e+24
11.2 4.085937e+01 6.672249e+24
11.3 4.113411e+01 6.716333e+24
11.4 4.141070e+01 6.760714e+24
11.5 4.168913e+01 6.805393e+24
11.6 4.196943e+01 6.850372e+24
11.7 4.225160e+01 6.895653e+24
11.8 4.253566e+01 6.941240e+24
11.9 4.282162e+01 6.987132e+24
12.0 4.310950e+01 7.033333e+24
12.1 4.339930e+01 7.079845e+24
12.2 4.369104e+01 7.126669e+24
12.3 4.398474e+01 7.173808e+24
12.4 4.428040e+01 7.221264e+24
12.5 4.457804e+01 7.269039e+24
12.6 4.487767e+01 7.317135e+24
12.7 4.517931e+01 7.365554e+24
12.8 4.548297e+01 7.414299e+24
12.9 4.578867e+01 7.463372e+24
13.0 4.609641e+01 7.512774e+24
13.1 4.640621e+01 7.562508e+24
13.2 4.671809e+01 7.612576e+24
13.3 4.703206e+01 7.662981e+24
13.4 4.734813e+01 7.713725e+24
13.5 4.766632e+01 7.764810e+24
13.6 4.798664e+01 7.816238e+24
13.7 4.830911e+01 7.868011e+24
13.8 4.863374e+01 7.920133e+24
13.9 4.896054e+01 7.972604e+24
14.0 4.928954e+01 8.025429e+24
14.1 4.962074e+01 8.078608e+24
14.2 4.995416e+01 8.132144e+24
14.3 5.028982e+01 8.186041e+24
14.4 5.062772e+01 8.240299e+24
14.5 5.096790e+01 8.294922e+24
14.6 5.131035e+01 8.349912e+24
14.7 5.165510e+01 8.405272e+24
14.8 5.200217e+01 8.461003e+24
14.9 5.235156e+01 8.517109e+24
15.0 5.270329e+01 8.573592e+24
15.1 5.305739e+01 8.630454e+24
15.2 5.341385e+01 8.687699e+24
15.3 5.377271e+01 8.745328e+24
15.4 5.413398e+01 8.803344e+24
15.5 5.449767e+01 8.861750e+24
15.6 5.486381e+01 8.920548e+24
15.7 5.523240e+01 8.979742e+24
15.8 5.560346e+01 9.039333e+24
15.9 5.597701e+01 9.099324e+24
16.0 5.635307e+01 9.159718e+24
16.1 5.673165e+01 9.220518e+24
16.2 5.711278e+01 9.281727e+24
16.3 5.749646e+01 9.343347e+24
16.4 5.788272e+01 9.405380e+24
16.5 5.827157e+01 9.467831e+24
16.6 5.866303e+01 9.530701e+24
16.7 5.905712e+01 9.593993e+24
16.8 5.945385e+01 9.657711e+24
16.9 5.985325e+01 9.721856e+24
17.0 6.025533e+01 9.786433e+24
17.1 6.066011e+01 9.851443e+24
17.2 6.106761e+01 9.916890e+24
17.3 6.147784e+01 9.982777e+24
17.4 6.189083e+01 1.004911e+25
17.5 6.230659e+01 1.011588e+25
17.6 6.272515e+01 1.018310e+25
17.7 6.314651e+01 1.025078e+25
17.8 6.357071e+01 1.031891e+25
17.9 6.399775e+01 1.038750e+25
18.0 6.442767e+01 1.045654e+25
18.1 6.486047e+01 1.052606e+25
18.2 6.529618e+01 1.059604e+25
18.3 6.573482e+01 1.066648e+25
18.4 6.617640e+01 1.073741e+25
18.5 6.662095e+01 1.080880e+25
18.6 6.706849e+01 1.088068e+25
18.7 6.751903e+01 1.095304e+25
18.8 6.797260e+01 1.102589e+25
18.9 6.842922e+01 1.109923e+25
19.0 6.888891e+01 1.117306e+25
19.1 6.935168e+01 1.124738e+25
19.2 6.981757e+01 1.132221e+25
19.3 7.028658e+01 1.139753e+25
19.4 7.075875e+01 1.147337e+25
19.5 7.123410e+01 1.154971e+25
19.6 7.171263e+01 1.162657e+25
19.7 7.219439e+01 1.170394e+25
19.8 7.267938e+01 1.178183e+25
19.9 7.316763e+01 1.186024e+25
20.0 7.365916e+01 1.193919e+25
20.1 7.415400e+01 1.201866e+25
20.2 7.465216e+01 1.209866e+25
20.3 7.515368e+01 1.217921e+25
20.4 7.565856e+01 1.226029e+25
20.5 7.616684e+01 1.234192e+25
20.6 7.667854e+01 1.242410e+25
20.7 7.719367e+01 1.250683e+25
20.8 7.771227e+01 1.259011e+25
20.9 7.823436e+01 1.267396e+25
21.0 7.875995e+01 1.275836e+25
21.1 7.928909e+01 1.284334e+25
21.2 7.982177e+01 1.292889e+25
21.3 8.035805e+01 1.301501e+25
21.4 8.089792e+01 1.310171e+25
21.5 8.144143e+01 1.318899e+25
21.6 8.198859e+01 1.327686e+25
21.7 8.253944e+01 1.336532e+25
21.8 8.309398e+01 1.345437e+25
21.9 8.365226e+01 1.354402e+25
22.0 8.421429e+01 1.363427e+25
22.1 8.478010e+01 1.372513e+25
22.2 8.534972e+01 1.381660e+25
22.3 8.592317e+01 1.390869e+25
22.4 8.650047e+01 1.400139e+25
22.5 8.708166e+01 1.409472e+25
22.6 8.766676e+01 1.418867e+25
22.7 8.825580e+01 1.428326e+25
22.8 8.884879e+01 1.437848e+25
22.9 8.944578e+01 1.447434e+25
23.0 9.004678e+01 1.457084e+25
23.1 9.065183e+01 1.466800e+25
23.2 9.126094e+01 1.476580e+25
23.3 9.187416e+01 1.486426e+25
23.4 9.249150e+01 1.496339e+25
23.5 9.311299e+01 1.506318e+25
23.6 9.373866e+01 1.516364e+25
23.7 9.436855e+01 1.526478e+25
23.8 9.500267e+01 1.536659e+25
23.9 9.564106e+01 1.546909e+25
24.0 9.628374e+01 1.557228e+25
24.1 9.693075e+01 1.567616e+25
24.2 9.758212e+01 1.578074e+25
24.3 9.823786e+01 1.588603e+25
24.4 9.889802e+01 1.599202e+25
24.5 9.956262e+01 1.609872e+25
24.6 1.002317e+02 1.620614e+25
24.7 1.009053e+02 1.631428e+25
24.8 1.015834e+02 1.642315e+25
24.9 1.022661e+02 1.653275e+25
25.0 1.029533e+02 1.664309e+25
25.1 1.036452e+02 1.675416e+25
25.2 1.043418e+02 1.686599e+25
25.3 1.050430e+02 1.697856e+25
25.4 1.057490e+02 1.709190e+25
25.5 1.064597e+02 1.720599e+25
25.6 1.071752e+02 1.732085e+25
25.7 1.078955e+02 1.743649e+25
25.8 1.086206e+02 1.755290e+25
25.9 1.093507e+02 1.767009e+25
26.0 1.100856e+02 1.778807e+25
26.1 1.108255e+02 1.790684e+25
26.2 1.115704e+02 1.802641e+25
26.3 1.123203e+02 1.814679e+25
26.4 1.130753e+02 1.826797e+25
26.5 1.138353e+02 1.838997e+25
26.6 1.146004e+02 1.851279e+25
26.7 1.153707e+02 1.863644e+25
26.8 1.161462e+02 1.876091e+25
26.9 1.169269e+02 1.888622e+25
27.0 1.177129e+02 1.901238e+25
27.1 1.185041e+02 1.913938e+25
27.2 1.193007e+02 1.926724e+25
27.3 1.201026e+02 1.939595e+25
27.4 1.209100e+02 1.952553e+25
27.5 1.217227e+02 1.965599e+25
27.6 1.225410e+02 1.978731e+25
27.7 1.233647e+02 1.991953e+25
27.8 1.241940e+02 2.005263e+25
27.9 1.250289e+02 2.018662e+25
28.0 1.258694e+02 2.032152e+25
28.1 1.267156e+02 2.045732e+25
28.2 1.275675e+02 2.059404e+25
28.3 1.284251e+02 2.073167e+25
28.4 1.292885e+02 2.087023e+25
28.5 1.301576e+02 2.100972e+25
28.6 1.310327e+02 2.115015e+25
28.7 1.319136e+02 2.129153e+25
28.8 1.328005e+02 2.143385e+25
28.9 1.336933e+02 2.157713e+25
29.0 1.345922e+02 2.172138e+25
29.1 1.354971e+02 2.186659e+25
29.2 1.364081e+02 2.201278e+25
29.3 1.373253e+02 2.215996e+25
29.4 1.382486e+02 2.230812e+25
29.5 1.391781e+02 2.245728e+25
29.6 1.401139e+02 2.260744e+25
29.7 1.410560e+02 2.275861e+25
29.8 1.420045e+02 2.291080e+25
29.9 1.429593e+02 2.306401e+25
30.0 1.439206e+02 2.321825e+25
30.1 1.448883e+02 2.337353e+25
30.2 1.458626e+02 2.352985e+25
30.3 1.468434e+02 2.368723e+25
30.4 1.478308e+02 2.384566e+25
30.5 1.488249e+02 2.400516e+25
30.6 1.498257e+02 2.416573e+25
30.7 1.508332e+02 2.432738e+25
30.8 1.518475e+02 2.449012e+25
30.9 1.528686e+02 2.465395e+25
31.0 1.538967e+02 2.481888e+25
31.1 1.549316e+02 2.498492e+25
31.2 1.559735e+02 2.515208e+25
31.3 1.570225e+02 2.532037e+25
31.4 1.580785e+02 2.548978e+25
31.5 1.591416e+02 2.566033e+25
31.6 1.602119e+02 2.583204e+25
31.7 1.612893e+02 2.600489e+25
31.8 1.623741e+02 2.617891e+25
31.9 1.634661e+02 2.635410e+25
32.0 1.645656e+02 2.653047e+25
32.1 1.656724e+02 2.670802e+25
32.2 1.667867e+02 2.688677e+25
32.3 1.679084e+02 2.706672e+25
32.4 1.690378e+02 2.724788e+25
32.5 1.701747e+02 2.743026e+25
32.6 1.713194e+02 2.761386e+25
32.7 1.724717e+02 2.779870e+25
32.8 1.736318e+02 2.798479e+25
32.9 1.747997e+02 2.817212e+25
33.0 1.759755e+02 2.836072e+25
33.1 1.771592e+02 2.855058e+25
33.2 1.783509e+02 2.874172e+25
33.3 1.795506e+02 2.893415e+25
33.4 1.807584e+02 2.912787e+25
33.5 1.819743e+02 2.932290e+25
33.6 1.831984e+02 2.951923e+25
33.7 1.844308e+02 2.971689e+25
33.8 1.856715e+02 2.991588e+25
33.9 1.869205e+02 3.011620e+25
34.0 1.881780e+02 3.031787e+25
34.1 1.894439e+02 3.052090e+25
34.2 1.907184e+02 3.072530e+25
34.3 1.920014e+02 3.093107e+25
34.4 1.932931e+02 3.113822e+25
34.5 1.945935e+02 3.134677e+25
34.6 1.959027e+02 3.155673e+25
34.7 1.972207e+02 3.176809e+25
34.8 1.985476e+02 3.198088e+25
34.9 1.998834e+02 3.219509e+25
35.0 2.012282e+02 3.241075e+25
35.1 2.025821e+02 3.262786e+25
35.2 2.039451e+02 3.284643e+25
35.3 2.053173e+02 3.306648e+25
35.4 2.066987e+02 3.328800e+25
35.5 2.080895e+02 3.351101e+25
35.6 2.094896e+02 3.373552e+25
35.7 2.108992e+02 3.396155e+25
35.8 2.123183e+02 3.418909e+25
35.9 2.137469e+02 3.441817e+25
36.0 2.151852e+02 3.464878e+25
36.1 2.166331e+02 3.488095e+25
36.2 2.180909e+02 3.511468e+25
36.3 2.195584e+02 3.534999e+25
36.4 2.210359e+02 3.558687e+25
36.5 2.225233e+02 3.582536e+25
36.6 2.240207e+02 3.606544e+25
36.7 2.255282e+02 3.630714e+25
36.8 2.270459e+02 3.655047e+25
36.9 2.285738e+02 3.679544e+25
37.0 2.301120e+02 3.704205e+25
37.1 2.316606e+02 3.729033e+25
37.2 2.332196e+02 3.754027e+25
37.3 2.347892e+02 3.779190e+25
37.4 2.363693e+02 3.804522e+25
37.5 2.379601e+02 3.830024e+25
37.6 2.395615e+02 3.855699e+25
37.7 2.411738e+02 3.881545e+25
37.8 2.427970e+02 3.907566e+25
37.9 2.444311e+02 3.933762e+25
38.0 2.460762e+02 3.960135e+25
38.1 2.477324e+02 3.986685e+25
38.2 2.493998e+02 4.013413e+25
38.3 2.510784e+02 4.040322e+25
38.4 2.527684e+02 4.067411e+25
38.5 2.544697e+02 4.094683e+25
38.6 2.561825e+02 4.122138e+25
38.7 2.579069e+02 4.149779e+25
38.8 2.596428e+02 4.177605e+25
38.9 2.613905e+02 4.205619e+25
39.0 2.631500e+02 4.233821e+25
39.1 2.649213e+02 4.262213e+25
39.2 2.667046e+02 4.290796e+25
39.3 2.684999e+02 4.319571e+25
39.4 2.703073e+02 4.348541e+25
39.5 2.721269e+02 4.377705e+25
39.6 2.739588e+02 4.407065e+25
39.7 2.758030e+02 4.436624e+25
39.8 2.776596e+02 4.466381e+25
39.9 2.795288e+02 4.496338e+25
40.0 2.814106e+02 4.526497e+25
40.1 2.833051e+02 4.556860e+25
40.2 2.852123e+02 4.587426e+25
40.3 2.871324e+02 4.618199e+25
40.4 2.890654e+02 4.649178e+25
40.5 2.910115e+02 4.680366e+25
40.6 2.929707e+02 4.711764e+25
40.7 2.949432e+02 4.743374e+25
40.8 2.969289e+02 4.775196e+25
40.9 2.989280e+02 4.807233e+25
41.0 3.009406e+02 4.839485e+25
41.1 3.029668e+02 4.871954e+25
41.2 3.050066e+02 4.904642e+25
41.3 3.070602e+02 4.937550e+25
41.4 3.091277e+02 4.970680e+25
41.5 3.112090e+02 5.004033e+25
41.6 3.133045e+02 5.037610e+25
41.7 3.154140e+02 5.071413e+25
41.8 3.175378e+02 5.105444e+25
41.9 3.196759e+02 5.139704e+25
42.0 3.218285e+02 5.174195e+25
42.1 3.239955e+02 5.208918e+25
42.2 3.261772e+02 5.243875e+25
42.3 3.283735e+02 5.279067e+25
42.4 3.305847e+02 5.314497e+25
42.5 3.328108e+02 5.350165e+25
42.6 3.350520e+02 5.386073e+25
42.7 3.373082e+02 5.422222e+25
42.8 3.395797e+02 5.458616e+25
42.9 3.418664e+02 5.495254e+25
43.0 3.441686e+02 5.532139e+25
43.1 3.464864e+02 5.569272e+25
43.2 3.488197e+02 5.606656e+25
43.3 3.511689e+02 5.644291e+25
43.4 3.535338e+02 5.682180e+25
43.5 3.559147e+02 5.720324e+25
43.6 3.583117e+02 5.758725e+25
43.7 3.607248e+02 5.797384e+25
43.8 3.631542e+02 5.836304e+25
43.9 3.656000e+02 5.875486e+25
44.0 3.680623e+02 5.914931e+25
44.1 3.705412e+02 5.954643e+25
44.2 3.730369e+02 5.994622e+25
44.3 3.755493e+02 6.034870e+25
44.4 3.780787e+02 6.075389e+25
44.5 3.806252e+02 6.116181e+25
44.6 3.831889e+02 6.157248e+25
44.7 3.857698e+02 6.198592e+25
44.8 3.883682e+02 6.240214e+25
44.9 3.909841e+02 6.282116e+25
45.0 3.936176e+02 6.324300e+25
45.1 3.962690e+02 6.366769e+25
45.2 3.989382e+02 6.409524e+25
45.3 4.016254e+02 6.452567e+25
45.4 4.043307e+02 6.495899e+25
45.5 4.070543e+02 6.539524e+25
45.6 4.097962e+02 6.583442e+25
45.7 4.125567e+02 6.627657e+25
45.8 4.153358e+02 6.672169e+25
45.9 4.181336e+02 6.716981e+25
46.0 4.209503e+02 6.762095e+25
46.1 4.237861e+02 6.807512e+25
46.2 4.266409e+02 6.853236e+25
46.3 4.295150e+02 6.899268e+25
46.4 4.324085e+02 6.945610e+25
46.5 4.353216e+02 6.992264e+25
46.6 4.382542e+02 7.039232e+25
46.7 4.412067e+02 7.086517e+25
46.8 4.441791e+02 7.134120e+25
46.9 4.471715e+02 7.182044e+25
47.0 4.501842e+02 7.230291e+25
47.1 4.532171e+02 7.278863e+25
47.2 4.562706e+02 7.327762e+25
47.3 4.593446e+02 7.376991e+25
47.4 4.624394e+02 7.426551e+25
47.5 4.655551e+02 7.476445e+25
47.6 4.686917e+02 7.526676e+25
47.7 4.718496e+02 7.577244e+25
47.8 4.750287e+02 7.628154e+25
47.9 4.782294e+02 7.679406e+25
48.0 4.814516e+02 7.731004e+25
48.1 4.846955e+02 7.782950e+25
48.2 4.879614e+02 7.835245e+25
48.3 4.912492e+02 7.887893e+25
48.4 4.945593e+02 7.940896e+25
48.5 4.978917e+02 7.994256e+25
48.6 5.012466e+02 8.047975e+25
48.7 5.046242e+02 8.102056e+25
48.8 5.080245e+02 8.156502e+25
48.9 5.114478e+02 8.211314e+25
49.0 5.148941e+02 8.266496e+25
49.1 5.183638e+02 8.322050e+25
49.2 5.218568e+02 8.377978e+25
49.3 5.253734e+02 8.434283e+25
49.4 5.289138e+02 8.490968e+25
49.5 5.324780e+02 8.548034e+25
49.6 5.360664e+02 8.605485e+25
49.7 5.396789e+02 8.663323e+25
49.8 5.433158e+02 8.721551e+25
49.9 5.469772e+02 8.780172e+25
50.0 5.506634e+02 8.839187e+25
50.1 5.543744e+02 8.898600e+25
50.2 5.581105e+02 8.958414e+25
50.3 5.618718e+02 9.018630e+25
50.4 5.656585e+02 9.079253e+25
50.5 5.694707e+02 9.140284e+25
50.6 5.733087e+02 9.201726e+25
50.7 5.771726e+02 9.263582e+25
50.8 5.810625e+02 9.325856e+25
50.9 5.849788e+02 9.388549e+25
51.0 5.889214e+02 9.451664e+25
51.1 5.928907e+02 9.515205e+25
51.2 5.968867e+02 9.579174e+25
51.3 6.009097e+02 9.643575e+25
51.4 6.049599e+02 9.708409e+25
51.5 6.090374e+02 9.773681e+25
51.6 6.131424e+02 9.839392e+25
51.7 6.172752e+02 9.905546e+25
51.8 6.214358e+02 9.972146e+25
51.9 6.256245e+02 1.003920e+26
52.0 6.298415e+02 1.010670e+26
52.1 6.340870e+02 1.017465e+26
52.2 6.383611e+02 1.024307e+26
52.3 6.426641e+02 1.031194e+26
52.4 6.469961e+02 1.038128e+26
52.5 6.513574e+02 1.045109e+26
52.6 6.557481e+02 1.052137e+26
52.7 6.601684e+02 1.059212e+26
52.8 6.646186e+02 1.066334e+26
52.9 6.690988e+02 1.073505e+26
53.0 6.736093e+02 1.080724e+26
53.1 6.781502e+02 1.087992e+26
53.2 6.827217e+02 1.095309e+26
53.3 6.873242e+02 1.102675e+26
53.4 6.919577e+02 1.110091e+26
53.5 6.966224e+02 1.117557e+26
53.6 7.013187e+02 1.125073e+26
53.7 7.060467e+02 1.132640e+26
53.8 7.108065e+02 1.140258e+26
53.9 7.155986e+02 1.147927e+26
54.0 7.204229e+02 1.155648e+26
54.1 7.252799e+02 1.163421e+26
54.2 7.301696e+02 1.171246e+26
54.3 7.350924e+02 1.179124e+26
54.4 7.400483e+02 1.187055e+26
54.5 7.450378e+02 1.195040e+26
54.6 7.500609e+02 1.203078e+26
54.7 7.551179e+02 1.211171e+26
54.8 7.602091e+02 1.219318e+26
54.9 7.653347e+02 1.227521e+26
55.0 7.704948e+02 1.235778e+26
55.1 7.756898e+02 1.244091e+26
55.2 7.809199e+02 1.252461e+26
55.3 7.861852e+02 1.260886e+26
55.4 7.914862e+02 1.269369e+26
55.5 7.968229e+02 1.277908e+26
55.6 8.021956e+02 1.286506e+26
55.7 8.076047e+02 1.295161e+26
55.8 8.130502e+02 1.303874e+26
55.9 8.185325e+02 1.312647e+26
56.0 8.240519e+02 1.321478e+26
56.1 8.296085e+02 1.330369e+26
56.2 8.352026e+02 1.339320e+26
56.3 8.408345e+02 1.348332e+26
56.4 8.465044e+02 1.357404e+26
56.5 8.522126e+02 1.366537e+26
56.6 8.579593e+02 1.375732e+26
56.7 8.637449e+02 1.384989e+26
56.8 8.695695e+02 1.394308e+26
56.9 8.754334e+02 1.403690e+26
57.0 8.813370e+02 1.413136e+26
57.1 8.872804e+02 1.422645e+26
57.2 8.932639e+02 1.432218e+26
57.3 8.992878e+02 1.441856e+26
57.4 9.053525e+02 1.451558e+26
57.5 9.114580e+02 1.461327e+26
57.6 9.176048e+02 1.471161e+26
57.7 9.237931e+02 1.481061e+26
57.8 9.300232e+02 1.491028e+26
57.9 9.362954e+02 1.501063e+26
58.0 9.426099e+02 1.511165e+26
58.1 9.489670e+02 1.521335e+26
58.2 9.553671e+02 1.531574e+26
58.3 9.618104e+02 1.541882e+26
58.4 9.682973e+02 1.552259e+26
58.5 9.748279e+02 1.562707e+26
58.6 9.814026e+02 1.573224e+26
58.7 9.880217e+02 1.583813e+26
58.8 9.946856e+02 1.594473e+26
58.9 1.001394e+03 1.605205e+26
59.0 1.008149e+03 1.616010e+26
59.1 1.014948e+03 1.626887e+26
59.2 1.021794e+03 1.637838e+26
59.3 1.028686e+03 1.648862e+26
59.4 1.035624e+03 1.659961e+26
59.5 1.042610e+03 1.671135e+26
59.6 1.049642e+03 1.682384e+26
59.7 1.056722e+03 1.693709e+26
59.8 1.063850e+03 1.705111e+26
59.9 1.071026e+03 1.716589e+26
60.0 1.078250e+03 1.728145e+26
60.1 1.085523e+03 1.739779e+26
60.2 1.092846e+03 1.751491e+26
60.3 1.100217e+03 1.763282e+26
60.4 1.107639e+03 1.775153e+26
60.5 1.115111e+03 1.787104e+26
60.6 1.122633e+03 1.799135e+26
60.7 1.130206e+03 1.811248e+26
60.8 1.137830e+03 1.823442e+26
60.9 1.145505e+03 1.835718e+26
61.0 1.153233e+03 1.848078e+26
61.1 1.161012e+03 1.860520e+26
61.2 1.168845e+03 1.873047e+26
61.3 1.176730e+03 1.885658e+26
61.4 1.184668e+03 1.898355e+26
61.5 1.192660e+03 1.911136e+26
61.6 1.200706e+03 1.924005e+26
61.7 1.208806e+03 1.936960e+26
61.8 1.216961e+03 1.950002e+26
61.9 1.225171e+03 1.963132e+26
62.0 1.233437e+03 1.976351e+26
62.1 1.241758e+03 1.989659e+26
62.2 1.250135e+03 2.003057e+26
62.3 1.258570e+03 2.016545e+26
62.4 1.267061e+03 2.030125e+26
62.5 1.275609e+03 2.043796e+26
62.6 1.284215e+03 2.057559e+26
62.7 1.292880e+03 2.071415e+26
62.8 1.301603e+03 2.085364e+26
62.9 1.310384e+03 2.099408e+26
63.0 1.319225e+03 2.113546e+26
63.1 1.328126e+03 2.127780e+26
63.2 1.337087e+03 2.142109e+26
63.3 1.346109e+03 2.156536e+26
63.4 1.355191e+03 2.171060e+26
63.5 1.364335e+03 2.185681e+26
63.6 1.373541e+03 2.200402e+26
63.7 1.382808e+03 2.215222e+26
63.8 1.392139e+03 2.230141e+26
63.9 1.401532e+03 2.245162e+26
64.0 1.410989e+03 2.260284e+26
64.1 1.420509e+03 2.275507e+26
64.2 1.430095e+03 2.290834e+26
64.3 1.439744e+03 2.306264e+26
64.4 1.449459e+03 2.321798e+26
64.5 1.459240e+03 2.337437e+26
64.6 1.469087e+03 2.353181e+26
64.7 1.479000e+03 2.369032e+26
64.8 1.488980e+03 2.384989e+26
64.9 1.499027e+03 2.401055e+26
65.0 1.509143e+03 2.417228e+26
65.1 1.519327e+03 2.433511e+26
65.2 1.529579e+03 2.449904e+26
65.3 1.539901e+03 2.466407e+26
65.4 1.550293e+03 2.483022e+26
65.5 1.560755e+03 2.499749e+26
65.6 1.571287e+03 2.516589e+26
65.7 1.581891e+03 2.533542e+26
65.8 1.592566e+03 2.550610e+26
65.9 1.603313e+03 2.567793e+26
66.0 1.614133e+03 2.585092e+26
66.1 1.625027e+03 2.602507e+26
66.2 1.635993e+03 2.620040e+26
66.3 1.647034e+03 2.637692e+26
66.4 1.658149e+03 2.655463e+26
66.5 1.669340e+03 2.673353e+26
66.6 1.680606e+03 2.691364e+26
66.7 1.691948e+03 2.709497e+26
66.8 1.703367e+03 2.727752e+26
66.9 1.714863e+03 2.746131e+26
67.0 1.726437e+03 2.764633e+26
67.1 1.738089e+03 2.783261e+26
67.2 1.749819e+03 2.802014e+26
67.3 1.761629e+03 2.820893e+26
67.4 1.773519e+03 2.839900e+26
67.5 1.785489e+03 2.859036e+26
67.6 1.797540e+03 2.878300e+26
67.7 1.809672e+03 2.897695e+26
67.8 1.821886e+03 2.917220e+26
67.9 1.834183e+03 2.936877e+26
68.0 1.846563e+03 2.956667e+26
68.1 1.859027e+03 2.976591e+26
68.2 1.871574e+03 2.996649e+26
68.3 1.884207e+03 3.016842e+26
68.4 1.896925e+03 3.037172e+26
68.5 1.909729e+03 3.057638e+26
68.6 1.922619e+03 3.078243e+26
68.7 1.935597e+03 3.098987e+26
68.8 1.948662e+03 3.119872e+26
68.9 1.961815e+03 3.140897e+26
69.0 1.975057e+03 3.162064e+26
69.1 1.988389e+03 3.183373e+26
69.2 2.001811e+03 3.204827e+26
69.3 2.015324e+03 3.226426e+26
69.4 2.028928e+03 3.248170e+26
69.5 2.042623e+03 3.270061e+26
69.6 2.056412e+03 3.292100e+26
69.7 2.070293e+03 3.314288e+26
69.8 2.084269e+03 3.336625e+26
69.9 2.098339e+03 3.359113e+26
70.0 2.112503e+03 3.381753e+26
70.1 2.126764e+03 3.404546e+26
70.2 2.141121e+03 3.427493e+26
70.3 2.155575e+03 3.450594e+26
70.4 2.170127e+03 3.473852e+26
70.5 2.184777e+03 3.497266e+26
70.6 2.199526e+03 3.520839e+26
70.7 2.214374e+03 3.544571e+26
70.8 2.229323e+03 3.568463e+26
70.9 2.244373e+03 3.592516e+26
71.0 2.259525e+03 3.616732e+26
71.1 2.274779e+03 3.641111e+26
71.2 2.290137e+03 3.665655e+26
71.3 2.305598e+03 3.690364e+26
71.4 2.321163e+03 3.715240e+26
71.5 2.336834e+03 3.740284e+26
71.6 2.352610e+03 3.765498e+26
71.7 2.368494e+03 3.790881e+26
71.8 2.384484e+03 3.816436e+26
71.9 2.400583e+03 3.842163e+26
72.0 2.416790e+03 3.868064e+26
72.1 2.433107e+03 3.894140e+26
72.2 2.449535e+03 3.920392e+26
72.3 2.466073e+03 3.946822e+26
72.4 2.482723e+03 3.973429e+26
72.5 2.499485e+03 4.000217e+26
72.6 2.516361e+03 4.027185e+26
72.7 2.533351e+03 4.054335e+26
72.8 2.550456e+03 4.081669e+26
72.9 2.567676e+03 4.109187e+26
73.0 2.585013e+03 4.136891e+26
73.1 2.602467e+03 4.164782e+26
73.2 2.620039e+03 4.192861e+26
73.3 2.637730e+03 4.221130e+26
73.4 2.655540e+03 4.249590e+26
73.5 2.673471e+03 4.278242e+26
73.6 2.691522e+03 4.307087e+26
73.7 2.709696e+03 4.336128e+26
73.8 2.727993e+03 4.365364e+26
73.9 2.746413e+03 4.394798e+26
74.0 2.764958e+03 4.424430e+26
74.1 2.783628e+03 4.454263e+26
74.2 2.802425e+03 4.484297e+26
74.3 2.821348e+03 4.514533e+26
74.4 2.840399e+03 4.544974e+26
74.5 2.859579e+03 4.575621e+26
74.6 2.878889e+03 4.606474e+26
74.7 2.898329e+03 4.637536e+26
74.8 2.917901e+03 4.668808e+26
74.9 2.937605e+03 4.700290e+26
75.0 2.957442e+03 4.731986e+26
75.1 2.977413e+03 4.763895e+26
75.2 2.997520e+03 4.796020e+26
75.3 3.017762e+03 4.828362e+26
75.4 3.038141e+03 4.860922e+26
75.5 3.058657e+03 4.893702e+26
75.6 3.079313e+03 4.926703e+26
75.7 3.100108e+03 4.959928e+26
75.8 3.121043e+03 4.993376e+26
75.9 3.142120e+03 5.027051e+26
76.0 3.163340e+03 5.060953e+26
76.1 3.184703e+03 5.095084e+26
76.2 3.206210e+03 5.129445e+26
76.3 3.227863e+03 5.164039e+26
76.4 3.249662e+03 5.198866e+26
76.5 3.271609e+03 5.233928e+26
76.6 3.293704e+03 5.269227e+26
76.7 3.315948e+03 5.304765e+26
76.8 3.338343e+03 5.340542e+26
76.9 3.360889e+03 5.376561e+26
77.0 3.383587e+03 5.412824e+26
77.1 3.406439e+03 5.449331e+26
77.2 3.429445e+03 5.486085e+26
77.3 3.452607e+03 5.523087e+26
77.4 3.475926e+03 5.560339e+26
77.5 3.499402e+03 5.597842e+26
77.6 3.523037e+03 5.635599e+26
77.7 3.546831e+03 5.673611e+26
77.8 3.570787e+03 5.711880e+26
77.9 3.594904e+03 5.750407e+26
78.0 3.619185e+03 5.789194e+26
78.1 3.643629e+03 5.828244e+26
78.2 3.668239e+03 5.867557e+26
78.3 3.693015e+03 5.907135e+26
78.4 3.717959e+03 5.946981e+26
78.5 3.743071e+03 5.987096e+26
78.6 3.768353e+03 6.027482e+26
78.7 3.793806e+03 6.068141e+26
78.8 3.819432e+03 6.109074e+26
78.9 3.845230e+03 6.150284e+26
79.0 3.871203e+03 6.191772e+26
79.1 3.897351e+03 6.233541e+26
79.2 3.923676e+03 6.275591e+26
79.3 3.950179e+03 6.317926e+26
79.4 3.976862e+03 6.360547e+26
79.5 4.003724e+03 6.403455e+26
79.6 4.030769e+03 6.446653e+26
79.7 4.057996e+03 6.490144e+26
79.8 4.085407e+03 6.533927e+26
79.9 4.113004e+03 6.578007e+26
80.0 4.140787e+03 6.622385e+26
80.1 4.168758e+03 6.667062e+26
80.2 4.196918e+03 6.712041e+26
80.3 4.225269e+03 6.757323e+26
80.4 4.253811e+03 6.802912e+26
80.5 4.282546e+03 6.848809e+26
80.6 4.311475e+03 6.895016e+26
80.7 4.340601e+03 6.941534e+26
80.8 4.369923e+03 6.988367e+26
80.9 4.399443e+03 7.035517e+26
81.0 4.429163e+03 7.082985e+26
81.1 4.459083e+03 7.130773e+26
81.2 4.489206e+03 7.178885e+26
81.3 4.519533e+03 7.227321e+26
81.4 4.550065e+03 7.276085e+26
81.5 4.580803e+03 7.325178e+26
81.6 4.611749e+03 7.374603e+26
81.7 4.642905e+03 7.424362e+26
81.8 4.674271e+03 7.474457e+26
81.9 4.705849e+03 7.524890e+26
82.0 4.737641e+03 7.575664e+26
82.1 4.769647e+03 7.626781e+26
82.2 4.801870e+03 7.678243e+26
82.3 4.834311e+03 7.730053e+26
82.4 4.866971e+03 7.782213e+26
82.5 4.899852e+03 7.834726e+26
82.6 4.932956e+03 7.887593e+26
82.7 4.966283e+03 7.940817e+26
82.8 4.999836e+03 7.994401e+26
82.9 5.033615e+03 8.048347e+26
83.0 5.067623e+03 8.102657e+26
83.1 5.101861e+03 8.157335e+26
83.2 5.136330e+03 8.212382e+26
83.3 5.171033e+03 8.267800e+26
83.4 5.205970e+03 8.323593e+26
83.5 5.241143e+03 8.379763e+26
83.6 5.276555e+03 8.436313e+26
83.7 5.312205e+03 8.493245e+26
83.8 5.348097e+03 8.550561e+26
83.9 5.384231e+03 8.608265e+26
84.0 5.420610e+03 8.666358e+26
84.1 5.457235e+03 8.724844e+26
84.2 5.494108e+03 8.783725e+26
84.3 5.531229e+03 8.843004e+26
84.4 5.568602e+03 8.902684e+26
84.5 5.606228e+03 8.962766e+26
84.6 5.644108e+03 9.023255e+26
84.7 5.682244e+03 9.084153e+26
84.8 5.720638e+03 9.145461e+26
84.9 5.759292e+03 9.207185e+26
85.0 5.798207e+03 9.269325e+26
85.1 5.837386e+03 9.331885e+26
85.2 5.876829e+03 9.394868e+26
85.3 5.916539e+03 9.458276e+26
85.4 5.956517e+03 9.522113e+26
85.5 5.996766e+03 9.586381e+26
85.6 6.037287e+03 9.651084e+26
85.7 6.078082e+03 9.716223e+26
85.8 6.119153e+03 9.781803e+26
85.9 6.160502e+03 9.847826e+26
86.0 6.202131e+03 9.914295e+26
86.1 6.244041e+03 9.981213e+26
86.2 6.286234e+03 1.004858e+27
86.3 6.328713e+03 1.011641e+27
86.4 6.371479e+03 1.018469e+27
86.5 6.414534e+03 1.025344e+27
86.6 6.457880e+03 1.032265e+27
86.7 6.501520e+03 1.039233e+27
86.8 6.545455e+03 1.046248e+27
86.9 6.589687e+03 1.053310e+27
87.0 6.634218e+03 1.060420e+27
87.1 6.679050e+03 1.067578e+27
87.2 6.724185e+03 1.074784e+27
87.3 6.769626e+03 1.082039e+27
87.4 6.815374e+03 1.089343e+27
87.5 6.861431e+03 1.096697e+27
87.6 6.907800e+03 1.104100e+27
87.7 6.954482e+03 1.111553e+27
87.8 7.001481e+03 1.119057e+27
87.9 7.048797e+03 1.126611e+27
88.0 7.096433e+03 1.134217e+27
88.1 7.144391e+03 1.141873e+27
88.2 7.192674e+03 1.149582e+27
88.3 7.241283e+03 1.157342e+27
88.4 7.290221e+03 1.165155e+27
88.5 7.339490e+03 1.173021e+27
88.6 7.389092e+03 1.180940e+27
88.7 7.439030e+03 1.188913e+27
88.8 7.489305e+03 1.196939e+27
88.9 7.539921e+03 1.205020e+27
89.0 7.590879e+03 1.213155e+27
89.1 7.642181e+03 1.221345e+27
89.2 7.693831e+03 1.229591e+27
89.3 7.745830e+03 1.237892e+27
89.4 7.798180e+03 1.246250e+27
89.5 7.850885e+03 1.254664e+27
89.6 7.903946e+03 1.263134e+27
89.7 7.957366e+03 1.271662e+27
89.8 8.011147e+03 1.280248e+27
89.9 8.065293e+03 1.288892e+27
90.0 8.119804e+03 1.297594e+27
90.1 8.174684e+03 1.306355e+27
90.2 8.229935e+03 1.315175e+27
90.3 8.285560e+03 1.324055e+27
90.4 8.341562e+03 1.332994e+27
90.5 8.397942e+03 1.341995e+27
90.6 8.454703e+03 1.351056e+27
90.7 8.511849e+03 1.360178e+27
90.8 8.569381e+03 1.369362e+27
90.9 8.627302e+03 1.378608e+27
91.0 8.685615e+03 1.387916e+27
91.1 8.744322e+03 1.397288e+27
91.2 8.803427e+03 1.406722e+27
91.3 8.862931e+03 1.416221e+27
91.4 8.922838e+03 1.425784e+27
91.5 8.983150e+03 1.435411e+27
91.6 9.043870e+03 1.445104e+27
91.7 9.105000e+03 1.454862e+27
91.8 9.166545e+03 1.464685e+27
91.9 9.228505e+03 1.474576e+27
92.0 9.290885e+03 1.484533e+27
92.1 9.353686e+03 1.494557e+27
92.2 9.416913e+03 1.504650e+27
92.3 9.480567e+03 1.514810e+27
92.4 9.544652e+03 1.525039e+27
92.5 9.609170e+03 1.535338e+27
92.6 9.674125e+03 1.545705e+27
92.7 9.739519e+03 1.556143e+27
92.8 9.805356e+03 1.566652e+27
92.9 9.871638e+03 1.577232e+27
93.0 9.938368e+03 1.587883e+27
93.1 1.000555e+04 1.598606e+27
93.2 1.007319e+04 1.609401e+27
93.3 1.014128e+04 1.620270e+27
93.4 1.020983e+04 1.631212e+27
93.5 1.027885e+04 1.642228e+27
93.6 1.034834e+04 1.653318e+27
93.7 1.041829e+04 1.664484e+27
93.8 1.048872e+04 1.675725e+27
93.9 1.055963e+04 1.687042e+27
94.0 1.063101e+04 1.698435e+27
94.1 1.070288e+04 1.709905e+27
94.2 1.077523e+04 1.721453e+27
94.3 1.084807e+04 1.733079e+27
94.4 1.092141e+04 1.744784e+27
94.5 1.099524e+04 1.756568e+27
94.6 1.106957e+04 1.768431e+27
94.7 1.114441e+04 1.780375e+27
94.8 1.121975e+04 1.792399e+27
94.9 1.129560e+04 1.804505e+27
95.0 1.137196e+04 1.816692e+27
95.1 1.144884e+04 1.828962e+27
95.2 1.152624e+04 1.841315e+27
95.3 1.160417e+04 1.853751e+27
95.4 1.168262e+04 1.866272e+27
95.5 1.176160e+04 1.878877e+27
95.6 1.184112e+04 1.891567e+27
95.7 1.192117e+04 1.904343e+27
95.8 1.200177e+04 1.917206e+27
95.9 1.208291e+04 1.930155e+27
96.0 1.216460e+04 1.943192e+27
96.1 1.224684e+04 1.956317e+27
96.2 1.232964e+04 1.969531e+27
96.3 1.241300e+04 1.982834e+27
96.4 1.249692e+04 1.996227e+27
96.5 1.258141e+04 2.009711e+27
96.6 1.266647e+04 2.023286e+27
96.7 1.275211e+04 2.036953e+27
96.8 1.283833e+04 2.050712e+27
96.9 1.292513e+04 2.064564e+27
97.0 1.301252e+04 2.078509e+27
97.1 1.310050e+04 2.092549e+27
97.2 1.318907e+04 2.106684e+27
97.3 1.327825e+04 2.120915e+27
97.4 1.336803e+04 2.135241e+27
97.5 1.345841e+04 2.149665e+27
97.6 1.354941e+04 2.164186e+27
97.7 1.364102e+04 2.178805e+27
97.8 1.373325e+04 2.193523e+27
97.9 1.382611e+04 2.208341e+27
98.0 1.391959e+04 2.223259e+27
98.1 1.401371e+04 2.238278e+27
98.2 1.410846e+04 2.253398e+27
98.3 1.420386e+04 2.268620e+27
98.4 1.429990e+04 2.283946e+27
98.5 1.439659e+04 2.299375e+27
98.6 1.449393e+04 2.314908e+27
98.7 1.459193e+04 2.330547e+27
98.8 1.469060e+04 2.346291e+27
98.9 1.478993e+04 2.362141e+27
99.0 1.488994e+04 2.378099e+27
99.1 1.499062e+04 2.394165e+27
99.2 1.509198e+04 2.410339e+27
99.3 1.519403e+04 2.426623e+27
99.4 1.529677e+04 2.443016e+27
99.5 1.540021e+04 2.459521e+27
99.6 1.550434e+04 2.476137e+27
99.7 1.560918e+04 2.492866e+27
99.8 1.571473e+04 2.509708e+27
99.9 1.582100e+04 2.526663e+27
100.0 1.592798e+04 2.543733e+27
100.1 1.603568e+04 2.560919e+27
100.2 1.614412e+04 2.578221e+27
100.3 1.625329e+04 2.595640e+27
100.4 1.636320e+04 2.613176e+27
100.5 1.647385e+04 2.630832e+27
100.6 1.658525e+04 2.648606e+27
100.7 1.669740e+04 2.666501e+27
100.8 1.681031e+04 2.684517e+27
100.9 1.692399e+04 2.702655e+27
101.0 1.703844e+04 2.720915e+27
101.1 1.715366e+04 2.739299e+27
101.2 1.726966e+04 2.757807e+27
101.3 1.738644e+04 2.776440e+27
101.4 1.750402e+04 2.795200e+27
101.5 1.762239e+04 2.814086e+27
101.6 1.774156e+04 2.833100e+27
101.7 1.786154e+04 2.852242e+27
101.8 1.798233e+04 2.871514e+27
101.9 1.810394e+04 2.890916e+27
102.0 1.822637e+04 2.910450e+27
102.1 1.834963e+04 2.930115e+27
102.2 1.847372e+04 2.949914e+27
102.3 1.859865e+04 2.969846e+27
102.4 1.872443e+04 2.989914e+27
102.5 1.885106e+04 3.010116e+27
102.6 1.897855e+04 3.030456e+27
102.7 1.910690e+04 3.050933e+27
102.8 1.923611e+04 3.071549e+27
102.9 1.936621e+04 3.092304e+27
103.0 1.949718e+04 3.113199e+27
103.1 1.962904e+04 3.134236e+27
103.2 1.976179e+04 3.155415e+27
103.3 1.989544e+04 3.176737e+27
103.4 2.002999e+04 3.198204e+27
103.5 2.016546e+04 3.219815e+27
103.6 2.030184e+04 3.241573e+27
103.7 2.043914e+04 3.263478e+27
103.8 2.057738e+04 3.285531e+27
103.9 2.071655e+04 3.307733e+27
104.0 2.085666e+04 3.330086e+27
104.1 2.099772e+04 3.352589e+27
104.2 2.113973e+04 3.375245e+27
104.3 2.128271e+04 3.398054e+27
104.4 2.142665e+04 3.421017e+27
104.5 2.157157e+04 3.444136e+27
104.6 2.171746e+04 3.467411e+27
104.7 2.186435e+04 3.490843e+27
104.8 2.201223e+04 3.514434e+27
104.9 2.216111e+04 3.538184e+27
105.0 2.231099e+04 3.562095e+27
105.1 2.246190e+04 3.586168e+27
105.2 2.261382e+04 3.610403e+27
105.3 2.276677e+04 3.634803e+27
105.4 2.292076e+04 3.659367e+27
105.5 2.307578e+04 3.684098e+27
105.6 2.323186e+04 3.708996e+27
105.7 2.338900e+04 3.734062e+27
105.8 2.354719e+04 3.759298e+27
105.9 2.370646e+04 3.784705e+27
106.0 2.386681e+04 3.810283e+27
106.1 2.402824e+04 3.836034e+27
106.2 2.419076e+04 3.861960e+27
106.3 2.435439e+04 3.888061e+27
106.4 2.451912e+04 3.914339e+27
106.5 2.468496e+04 3.940794e+27
106.6 2.485193e+04 3.967428e+27
106.7 2.502003e+04 3.994242e+27
106.8 2.518927e+04 4.021238e+27
106.9 2.535965e+04 4.048416e+27
107.0 2.553118e+04 4.075778e+27
107.1 2.570388e+04 4.103326e+27
107.2 2.587774e+04 4.131059e+27
107.3 2.605279e+04 4.158980e+27
107.4 2.622901e+04 4.187090e+27
107.5 2.640643e+04 4.215390e+27
107.6 2.658505e+04 4.243882e+27
107.7 2.676488e+04 4.272566e+27
107.8 2.694593e+04 4.301445e+27
107.9 2.712820e+04 4.330518e+27
108.0 2.731170e+04 4.359789e+27
108.1 2.749645e+04 4.389257e+27
108.2 2.768245e+04 4.418925e+27
108.3 2.786970e+04 4.448793e+27
108.4 2.805823e+04 4.478863e+27
108.5 2.824803e+04 4.509137e+27
108.6 2.843911e+04 4.539616e+27
108.7 2.863149e+04 4.570301e+27
108.8 2.882517e+04 4.601193e+27
108.9 2.902016e+04 4.632294e+27
109.0 2.921647e+04 4.663606e+27
109.1 2.941411e+04 4.695130e+27
109.2 2.961309e+04 4.726866e+27
109.3 2.981342e+04 4.758818e+27
109.4 3.001510e+04 4.790985e+27
109.5 3.021814e+04 4.823371e+27
109.6 3.042256e+04 4.855975e+27
109.7 3.062836e+04 4.888800e+27
109.8 3.083556e+04 4.921847e+27
109.9 3.104416e+04 4.955117e+27
110.0 3.125417e+04 4.988613e+27
110.1 3.146560e+04 5.022335e+27
110.2 3.167847e+04 5.056285e+27
110.3 3.189277e+04 5.090465e+27
110.4 3.210853e+04 5.124876e+27
110.5 3.232574e+04 5.159520e+27
110.6 3.254443e+04 5.194398e+27
110.7 3.276460e+04 5.229513e+27
110.8 3.298625e+04 5.264865e+27
110.9 3.320941e+04 5.300456e+27
111.0 3.343408e+04 5.336287e+27
111.1 3.366026e+04 5.372362e+27
111.2 3.388798e+04 5.408680e+27
111.3 3.411724e+04 5.445244e+27
111.4 3.434806e+04 5.482055e+27
111.5 3.458043e+04 5.519115e+27
111.6 3.481438e+04 5.556426e+27
111.7 3.504991e+04 5.593990e+27
111.8 3.528704e+04 5.631808e+27
111.9 3.552577e+04 5.669881e+27
112.0 3.576612e+04 5.708212e+27
112.1 3.600809e+04 5.746802e+27
112.2 3.625170e+04 5.785654e+27
112.3 3.649697e+04 5.824768e+27
112.4 3.674389e+04 5.864147e+27
112.5 3.699248e+04 5.903793e+27
112.6 3.724276e+04 5.943706e+27
112.7 3.749473e+04 5.983890e+27
112.8 3.774840e+04 6.024345e+27
112.9 3.800380e+04 6.065075e+27
113.0 3.826092e+04 6.106079e+27
113.1 3.851978e+04 6.147361e+27
113.2 3.878040e+04 6.188923e+27
113.3 3.904278e+04 6.230766e+27
113.4 3.930693e+04 6.272891e+27
113.5 3.957288e+04 6.315302e+27
113.6 3.984062e+04 6.358000e+27
113.7 4.011018e+04 6.400987e+27
113.8 4.038156e+04 6.444264e+27
113.9 4.065478e+04 6.487835e+27
114.0 4.092985e+04 6.531700e+27
114.1 4.120678e+04 6.575861e+27
114.2 4.148558e+04 6.620322e+27
114.3 4.176627e+04 6.665084e+27
114.4 4.204887e+04 6.710148e+27
114.5 4.233337e+04 6.755517e+27
114.6 4.261981e+04 6.801194e+27
114.7 4.290818e+04 6.847179e+27
114.8 4.319850e+04 6.893475e+27
114.9 4.349079e+04 6.940085e+27
115.0 4.378506e+04 6.987010e+27
115.1 4.408132e+04 7.034253e+27
115.2 4.437958e+04 7.081815e+27
115.3 4.467987e+04 7.129699e+27
115.4 4.498218e+04 7.177907e+27
115.5 4.528655e+04 7.226441e+27
115.6 4.559297e+04 7.275304e+27
115.7 4.590147e+04 7.324497e+27
115.8 4.621206e+04 7.374023e+27
115.9 4.652475e+04 7.423885e+27
116.0 4.683956e+04 7.474083e+27
116.1 4.715650e+04 7.524621e+27
116.2 4.747558e+04 7.575502e+27
116.3 4.779683e+04 7.626726e+27
116.4 4.812025e+04 7.678297e+27
116.5 4.844586e+04 7.730218e+27
116.6 4.877367e+04 7.782489e+27
116.7 4.910370e+04 7.835114e+27
116.8 4.943597e+04 7.888095e+27
116.9 4.977049e+04 7.941435e+27
117.0 5.010727e+04 7.995136e+27
117.1 5.044633e+04 8.049200e+27
117.2 5.078769e+04 8.103630e+27
117.3 5.113136e+04 8.158428e+27
117.4 5.147736e+04 8.213597e+27
117.5 5.182569e+04 8.269139e+27
117.6 5.217639e+04 8.325057e+27
117.7 5.252946e+04 8.381354e+27
117.8 5.288492e+04 8.438032e+27
117.9 5.324279e+04 8.495093e+27
118.0 5.360308e+04 8.552540e+27
118.1 5.396581e+04 8.610376e+27
118.2 5.433100e+04 8.668603e+27
118.3 5.469866e+04 8.727224e+27
118.4 5.506881e+04 8.786242e+27
118.5 5.544146e+04 8.845660e+27
118.6 5.581664e+04 8.905479e+27
118.7 5.619436e+04 8.965704e+27
118.8 5.657463e+04 9.026335e+27
118.9 5.695748e+04 9.087378e+27
119.0 5.734292e+04 9.148833e+27
119.1 5.773097e+04 9.210704e+27
119.2 5.812165e+04 9.272994e+27
119.3 5.851498e+04 9.335705e+27
119.4 5.891096e+04 9.398841e+27
119.5 5.930963e+04 9.462404e+27
119.6 5.971100e+04 9.526397e+27
119.7 6.011508e+04 9.590823e+27
119.8 6.052191e+04 9.655685e+27
119.9 6.093148e+04 9.720986e+27
