7.524802e+21
2.046746e+15
5.440000e-02
0.0 7.524802e+21
0.1 7.094099e+21
0.2 6.728427e+21
0.3 6.414359e+21
0.4 6.141685e+21
0.5 5.902573e+21
0.6 5.690958e+21
0.7 5.502104e+21
0.8 5.332276e+21
0.9 5.178502e+21
1.0 5.038395e+21
1.1 4.910023e+21
1.2 4.791804e+21
1.3 4.682437e+21
1.4 4.580838e+21
1.5 4.486101e+21
1.6 4.397461e+21
1.7 4.314268e+21
1.8 4.235965e+21
1.9 4.162074e+21
2.0 4.092180e+21
2.1 4.025921e+21
2.2 3.962981e+21
2.3 3.903082e+21
2.4 3.845977e+21
2.5 3.791448e+21
2.6 3.739300e+21
2.7 3.689359e+21
2.8 3.641467e+21
2.9 3.595485e+21
3.0 3.551283e+21
3.1 3.508747e+21
3.2 3.467771e+21
3.3 3.428260e+21
3.4 3.390124e+21
3.5 3.353285e+21
3.6 3.317668e+21
3.7 3.283205e+21
3.8 3.249834e+21
3.9 3.217496e+21
4.0 3.186138e+21
4.1 3.155711e+21
4.2 3.126167e+21
4.3 3.097465e+21
4.4 3.069563e+21
4.5 3.042424e+21
4.6 3.016015e+21
4.7 2.990301e+21
4.8 2.965252e+21
4.9 2.940839e+21
5.0 2.917035e+21
5.1 2.893816e+21
5.2 2.871156e+21
5.3 2.849033e+21
5.4 2.827427e+21
5.5 2.806316e+21
5.6 2.785683e+21
5.7 2.765508e+21
5.8 2.745774e+21
5.9 2.726467e+21
6.0 2.707570e+21
6.1 2.689068e+21
6.2 2.670948e+21
6.3 2.653197e+21
6.4 2.635803e+21
6.5 2.618752e+21
6.6 2.602034e+21
6.7 2.585639e+21
6.8 2.569555e+21
6.9 2.553772e+21
7.0 2.538282e+21
7.1 2.523076e+21
7.2 2.508144e+21
7.3 2.493478e+21
7.4 2.479071e+21
7.5 2.464914e+21
7.6 2.451001e+21
7.7 2.437325e+21
7.8 2.423878e+21
7.9 2.410655e+21
8.0 2.397649e+21
8.1 2.384854e+21
8.2 2.372265e+21
8.3 2.359876e+21
8.4 2.347682e+21
8.5 2.335677e+21
8.6 2.323857e+21
8.7 2.312216e+21
8.8 2.300752e+21
8.9 2.289458e+21
9.0 2.278331e+21
9.1 2.267366e+21
9.2 2.256561e+21
9.3 2.245910e+21
9.4 2.235410e+21
9.5 2.225058e+21
9.6 2.214850e+21
9.7 2.204782e+21
9.8 2.194852e+21
9.9 2.185057e+21
10.0 2.175393e+21
10.1 2.165857e+21
10.2 2.156447e+21
10.3 2.147160e+21
10.4 2.137993e+21
10.5 2.128944e+21
10.6 2.120009e+21
10.7 2.111187e+21
10.8 2.102476e+21
10.9 2.093872e+21
11.0 2.085374e+21
11.1 2.076980e+21
11.2 2.068687e+21
11.3 2.060494e+21
11.4 2.052398e+21
11.5 2.044397e+21
11.6 2.036491e+21
11.7 2.028676e+21
11.8 2.020951e+21
11.9 2.013314e+21
12.0 2.005764e+21
12.1 1.998299e+21
12.2 1.990917e+21
12.3 1.983617e+21
12.4 1.976397e+21
12.5 1.969257e+21
12.6 1.962193e+21
12.7 1.955206e+21
12.8 1.948294e+21
12.9 1.941454e+21
13.0 1.934687e+21
13.1 1.927991e+21
13.2 1.921364e+21
13.3 1.914805e+21
13.4 1.908314e+21
13.5 1.901888e+21
13.6 1.895528e+21
13.7 1.889231e+21
13.8 1.882997e+21
13.9 1.876825e+21
14.0 1.870713e+21
14.1 1.864661e+21
14.2 1.858668e+21
14.3 1.852733e+21
14.4 1.846854e+21
14.5 1.841032e+21
14.6 1.835264e+21
14.7 1.829551e+21
14.8 1.823891e+21
14.9 1.818283e+21
15.0 1.812728e+21
15.1 1.807223e+21
15.2 1.801768e+21
15.3 1.796363e+21
15.4 1.791006e+21
15.5 1.785697e+21
15.6 1.780435e+21
15.7 1.775220e+21
15.8 1.770051e+21
15.9 1.764926e+21
16.0 1.759847e+21
16.1 1.754811e+21
16.2 1.749818e+21
16.3 1.744868e+21
16.4 1.739959e+21
16.5 1.735093e+21
16.6 1.730267e+21
16.7 1.725481e+21
16.8 1.720735e+21
16.9 1.716028e+21
17.0 1.711360e+21
17.1 1.706729e+21
17.2 1.702137e+21
17.3 1.697581e+21
17.4 1.693062e+21
17.5 1.688579e+21
17.6 1.684131e+21
17.7 1.679719e+21
17.8 1.675341e+21
17.9 1.670998e+21
18.0 1.666688e+21
18.1 1.662412e+21
18.2 1.658168e+21
18.3 1.653957e+21
18.4 1.649778e+21
18.5 1.645630e+21
18.6 1.641514e+21
18.7 1.637429e+21
18.8 1.633374e+21
18.9 1.629349e+21
19.0 1.625354e+21
19.1 1.621389e+21
19.2 1.617452e+21
19.3 1.613544e+21
19.4 1.609665e+21
19.5 1.605813e+21
19.6 1.601989e+21
19.7 1.598192e+21
19.8 1.594422e+21
19.9 1.590679e+21
20.0 1.586962e+21
20.1 1.583271e+21
20.2 1.579606e+21
20.3 1.575966e+21
20.4 1.572352e+21
20.5 1.568762e+21
20.6 1.565197e+21
20.7 1.561656e+21
20.8 1.558139e+21
20.9 1.554646e+21
21.0 1.551176e+21
21.1 1.547730e+21
21.2 1.544306e+21
21.3 1.540905e+21
21.4 1.537527e+21
21.5 1.534171e+21
21.6 1.530836e+21
21.7 1.527524e+21
21.8 1.524233e+21
21.9 1.520963e+21
22.0 1.517714e+21
22.1 1.514486e+21
22.2 1.511279e+21
22.3 1.508091e+21
22.4 1.504925e+21
22.5 1.501777e+21
22.6 1.498650e+21
22.7 1.495542e+21
22.8 1.492454e+21
22.9 1.489385e+21
23.0 1.486334e+21
23.1 1.483302e+21
23.2 1.480289e+21
23.3 1.477294e+21
23.4 1.474318e+21
23.5 1.471359e+21
23.6 1.468418e+21
23.7 1.465495e+21
23.8 1.462589e+21
23.9 1.459700e+21
24.0 1.456828e+21
24.1 1.453974e+21
24.2 1.451136e+21
24.3 1.448315e+21
24.4 1.445510e+21
24.5 1.442721e+21
24.6 1.439949e+21
24.7 1.437192e+21
24.8 1.434452e+21
24.9 1.431727e+21
25.0 1.429017e+21
25.1 1.426323e+21
25.2 1.423644e+21
25.3 1.420980e+21
25.4 1.418331e+21
25.5 1.415697e+21
25.6 1.413078e+21
25.7 1.410473e+21
25.8 1.407882e+21
25.9 1.405306e+21
26.0 1.402744e+21
26.1 1.400196e+21
26.2 1.397661e+21
26.3 1.395141e+21
26.4 1.392634e+21
26.5 1.390140e+21
26.6 1.387660e+21
26.7 1.385194e+21
26.8 1.382740e+21
26.9 1.380299e+21
27.0 1.377871e+21
27.1 1.375456e+21
27.2 1.373054e+21
27.3 1.370664e+21
27.4 1.368287e+21
27.5 1.365922e+21
27.6 1.363570e+21
27.7 1.361229e+21
27.8 1.358901e+21
27.9 1.356584e+21
28.0 1.354279e+21
28.1 1.351986e+21
28.2 1.349705e+21
28.3 1.347435e+21
28.4 1.345177e+21
28.5 1.342930e+21
28.6 1.340694e+21
28.7 1.338469e+21
28.8 1.336256e+21
28.9 1.334053e+21
29.0 1.331861e+21
29.1 1.329680e+21
29.2 1.327510e+21
29.3 1.325351e+21
29.4 1.323201e+21
29.5 1.321063e+21
29.6 1.318934e+21
29.7 1.316816e+21
29.8 1.314709e+21
29.9 1.312611e+21
30.0 1.310523e+21
30.1 1.308445e+21
30.2 1.306377e+21
30.3 1.304319e+21
30.4 1.302271e+21
30.5 1.300232e+21
30.6 1.298203e+21
30.7 1.296183e+21
30.8 1.294173e+21
30.9 1.292172e+21
31.0 1.290180e+21
31.1 1.288198e+21
31.2 1.286224e+21
31.3 1.284260e+21
31.4 1.282305e+21
31.5 1.280358e+21
31.6 1.278421e+21
31.7 1.276492e+21
31.8 1.274572e+21
31.9 1.272661e+21
32.0 1.270758e+21
32.1 1.268864e+21
32.2 1.266978e+21
32.3 1.265100e+21
32.4 1.263231e+21
32.5 1.261370e+21
32.6 1.259518e+21
32.7 1.257673e+21
32.8 1.255837e+21
32.9 1.254009e+21
33.0 1.252188e+21
33.1 1.250376e+21
33.2 1.248571e+21
33.3 1.246774e+21
33.4 1.244985e+21
33.5 1.243204e+21
33.6 1.241430e+21
33.7 1.239664e+21
33.8 1.237906e+21
33.9 1.236154e+21
34.0 1.234411e+21
34.1 1.232674e+21
34.2 1.230945e+21
34.3 1.229224e+21
34.4 1.227509e+21
34.5 1.225802e+21
34.6 1.224101e+21
34.7 1.222408e+21
34.8 1.220722e+21
34.9 1.219043e+21
35.0 1.217371e+21
35.1 1.215705e+21
35.2 1.214047e+21
35.3 1.212395e+21
35.4 1.210750e+21
35.5 1.209111e+21
35.6 1.207480e+21
35.7 1.205854e+21
35.8 1.204236e+21
35.9 1.202624e+21
36.0 1.201018e+21
36.1 1.199419e+21
36.2 1.197826e+21
36.3 1.196240e+21
36.4 1.194659e+21
36.5 1.193085e+21
36.6 1.191518e+21
36.7 1.189956e+21
36.8 1.188401e+21
36.9 1.186851e+21
37.0 1.185308e+21
37.1 1.183771e+21
37.2 1.182240e+21
37.3 1.180714e+21
37.4 1.179195e+21
37.5 1.177681e+21
37.6 1.176173e+21
37.7 1.174671e+21
37.8 1.173175e+21
37.9 1.171685e+21
38.0 1.170200e+21
38.1 1.168720e+21
38.2 1.167247e+21
38.3 1.165779e+21
38.4 1.164316e+21
38.5 1.162859e+21
38.6 1.161408e+21
38.7 1.159961e+21
38.8 1.158521e+21
38.9 1.157085e+21
39.0 1.155655e+21
39.1 1.154231e+21
39.2 1.152811e+21
39.3 1.151397e+21
39.4 1.149988e+21
39.5 1.148584e+21
39.6 1.147185e+21
39.7 1.145791e+21
39.8 1.144403e+21
39.9 1.143019e+21
40.0 1.141641e+21
40.1 1.140267e+21
40.2 1.138898e+21
40.3 1.137535e+21
40.4 1.136176e+21
40.5 1.134822e+21
40.6 1.133473e+21
40.7 1.132129e+21
40.8 1.130789e+21
40.9 1.129454e+21
41.0 1.128124e+21
41.1 1.126799e+21
41.2 1.125478e+21
41.3 1.124162e+21
41.4 1.122851e+21
41.5 1.121544e+21
41.6 1.120242e+21
41.7 1.118944e+21
41.8 1.117651e+21
41.9 1.116362e+21
42.0 1.115077e+21
42.1 1.113798e+21
42.2 1.112522e+21
42.3 1.111251e+21
42.4 1.109984e+21
42.5 1.108722e+21
42.6 1.107464e+21
42.7 1.106210e+21
42.8 1.104960e+21
42.9 1.103715e+21
43.0 1.102474e+21
43.1 1.101237e+21
43.2 1.100004e+21
43.3 1.098775e+21
43.4 1.097550e+21
43.5 1.096330e+21
43.6 1.095113e+21
43.7 1.093901e+21
43.8 1.092693e+21
43.9 1.091488e+21
44.0 1.090288e+21
44.1 1.089091e+21
44.2 1.087899e+21
44.3 1.086710e+21
44.4 1.085526e+21
44.5 1.084345e+21
44.6 1.083168e+21
44.7 1.081995e+21
44.8 1.080825e+21
44.9 1.079660e+21
45.0 1.078498e+21
45.1 1.077340e+21
45.2 1.076186e+21
45.3 1.075035e+21
45.4 1.073888e+21
45.5 1.072745e+21
45.6 1.071605e+21
45.7 1.070469e+21
45.8 1.069337e+21
45.9 1.068208e+21
46.0 1.067083e+21
46.1 1.065961e+21
46.2 1.064843e+21
46.3 1.063728e+21
46.4 1.062617e+21
46.5 1.061509e+21
46.6 1.060405e+21
46.7 1.059304e+21
46.8 1.058207e+21
46.9 1.057113e+21
47.0 1.056023e+21
47.1 1.054935e+21
47.2 1.053852e+21
47.3 1.052771e+21
47.4 1.051694e+21
47.5 1.050620e+21
47.6 1.049550e+21
47.7 1.048482e+21
47.8 1.047418e+21
47.9 1.046357e+21
48.0 1.045300e+21
48.1 1.044245e+21
48.2 1.043194e+21
48.3 1.042146e+21
48.4 1.041101e+21
48.5 1.040060e+21
48.6 1.039021e+21
48.7 1.037985e+21
48.8 1.036953e+21
48.9 1.035924e+21
49.0 1.034897e+21
49.1 1.033874e+21
49.2 1.032854e+21
49.3 1.031837e+21
49.4 1.030823e+21
49.5 1.029811e+21
49.6 1.028803e+21
49.7 1.027798e+21
49.8 1.026796e+21
49.9 1.025796e+21
50.0 1.024800e+21
50.1 1.023806e+21
50.2 1.022815e+21
50.3 1.021828e+21
50.4 1.020843e+21
50.5 1.019861e+21
50.6 1.018881e+21
50.7 1.017905e+21
50.8 1.016931e+21
50.9 1.015960e+21
51.0 1.014992e+21
51.1 1.014027e+21
51.2 1.013064e+21
51.3 1.012104e+21
51.4 1.011147e+21
51.5 1.010193e+21
51.6 1.009241e+21
51.7 1.008292e+21
51.8 1.007346e+21
51.9 1.006402e+21
52.0 1.005461e+21
52.1 1.004523e+21
52.2 1.003587e+21
52.3 1.002654e+21
52.4 1.001723e+21
52.5 1.000795e+21
52.6 9.998698e+20
52.7 9.989469e+20
52.8 9.980267e+20
52.9 9.971089e+20
53.0 9.961937e+20
53.1 9.952810e+20
53.2 9.943708e+20
53.3 9.934631e+20
53.4 9.925579e+20
53.5 9.916552e+20
53.6 9.907549e+20
53.7 9.898570e+20
53.8 9.889616e+20
53.9 9.880687e+20
54.0 9.871781e+20
54.1 9.862900e+20
54.2 9.854042e+20
54.3 9.845208e+20
54.4 9.836399e+20
54.5 9.827612e+20
54.6 9.818849e+20
54.7 9.810110e+20
54.8 9.801394e+20
54.9 9.792701e+20
55.0 9.784031e+20
55.1 9.775384e+20
55.2 9.766760e+20
55.3 9.758159e+20
55.4 9.749581e+20
55.5 9.741025e+20
55.6 9.732492e+20
55.7 9.723981e+20
55.8 9.715492e+20
55.9 9.707026e+20
56.0 9.698582e+20
56.1 9.690159e+20
56.2 9.681759e+20
56.3 9.673380e+20
56.4 9.665024e+20
56.5 9.656688e+20
56.6 9.648375e+20
56.7 9.640083e+20
56.8 9.631812e+20
56.9 9.623562e+20
57.0 9.615334e+20
57.1 9.607127e+20
57.2 9.598940e+20
57.3 9.590775e+20
57.4 9.582630e+20
57.5 9.574506e+20
57.6 9.566403e+20
57.7 9.558320e+20
57.8 9.550258e+20
57.9 9.542216e+20
58.0 9.534195e+20
58.1 9.526193e+20
58.2 9.518212e+20
58.3 9.510251e+20
58.4 9.502310e+20
58.5 9.494388e+20
58.6 9.486487e+20
58.7 9.478605e+20
58.8 9.470743e+20
58.9 9.462900e+20
59.0 9.455077e+20
59.1 9.447273e+20
59.2 9.439488e+20
59.3 9.431723e+20
59.4 9.423977e+20
59.5 9.416250e+20
59.6 9.408541e+20
59.7 9.400852e+20
59.8 9.393182e+20
59.9 9.385530e+20
60.0 9.377897e+20
60.1 9.370283e+20
60.2 9.362687e+20
60.3 9.355110e+20
60.4 9.347551e+20
60.5 9.340010e+20
60.6 9.332487e+20
60.7 9.324983e+20
60.8 9.317497e+20
60.9 9.310029e+20
61.0 9.302578e+20
61.1 9.295146e+20
61.2 9.287731e+20
61.3 9.280334e+20
61.4 9.272955e+20
61.5 9.265593e+20
61.6 9.258249e+20
61.7 9.250923e+20
61.8 9.243613e+20
61.9 9.236321e+20
62.0 9.229046e+20
62.1 9.221789e+20
62.2 9.214548e+20
62.3 9.207325e+20
62.4 9.200118e+20
62.5 9.192929e+20
62.6 9.185756e+20
62.7 9.178600e+20
62.8 9.171461e+20
62.9 9.164338e+20
63.0 9.157232e+20
63.1 9.150142e+20
63.2 9.143069e+20
63.3 9.136013e+20
63.4 9.128972e+20
63.5 9.121948e+20
63.6 9.114940e+20
63.7 9.107948e+20
63.8 9.100973e+20
63.9 9.094013e+20
64.0 9.087069e+20
64.1 9.080141e+20
64.2 9.073229e+20
64.3 9.066333e+20
64.4 9.059452e+20
64.5 9.052587e+20
64.6 9.045738e+20
64.7 9.038904e+20
64.8 9.032086e+20
64.9 9.025283e+20
65.0 9.018495e+20
65.1 9.011723e+20
65.2 9.004966e+20
65.3 8.998224e+20
65.4 8.991497e+20
65.5 8.984786e+20
65.6 8.978089e+20
65.7 8.971407e+20
65.8 8.964741e+20
65.9 8.958089e+20
66.0 8.951451e+20
66.1 8.944829e+20
66.2 8.938221e+20
66.3 8.931628e+20
66.4 8.925050e+20
66.5 8.918486e+20
66.6 8.911936e+20
66.7 8.905401e+20
66.8 8.898880e+20
66.9 8.892374e+20
67.0 8.885882e+20
67.1 8.879404e+20
67.2 8.872940e+20
67.3 8.866490e+20
67.4 8.860054e+20
67.5 8.853633e+20
67.6 8.847225e+20
67.7 8.840831e+20
67.8 8.834451e+20
67.9 8.828085e+20
68.0 8.821733e+20
68.1 8.815394e+20
68.2 8.809069e+20
68.3 8.802757e+20
68.4 8.796459e+20
68.5 8.790175e+20
68.6 8.783904e+20
68.7 8.777646e+20
68.8 8.771402e+20
68.9 8.765171e+20
69.0 8.758954e+20
69.1 8.752749e+20
69.2 8.746558e+20
69.3 8.740380e+20
69.4 8.734215e+20
69.5 8.728063e+20
69.6 8.721924e+20
69.7 8.715798e+20
69.8 8.709684e+20
69.9 8.703584e+20
70.0 8.697497e+20
70.1 8.691422e+20
70.2 8.685360e+20
70.3 8.679310e+20
70.4 8.673274e+20
70.5 8.667249e+20
70.6 8.661238e+20
70.7 8.655239e+20
70.8 8.649252e+20
70.9 8.643278e+20
71.0 8.637316e+20
71.1 8.631366e+20
71.2 8.625429e+20
71.3 8.619504e+20
71.4 8.613591e+20
71.5 8.607690e+20
71.6 8.601802e+20
71.7 8.595925e+20
71.8 8.590061e+20
71.9 8.584208e+20
72.0 8.578368e+20
72.1 8.572539e+20
72.2 8.566722e+20
72.3 8.560917e+20
72.4 8.555124e+20
72.5 8.549343e+20
72.6 8.543573e+20
72.7 8.537815e+20
72.8 8.532069e+20
72.9 8.526334e+20
73.0 8.520611e+20
73.1 8.514899e+20
73.2 8.509199e+20
73.3 8.503510e+20
73.4 8.497832e+20
73.5 8.492166e+20
73.6 8.486512e+20
73.7 8.480868e+20
73.8 8.475236e+20
73.9 8.469615e+20
74.0 8.464005e+20
74.1 8.458407e+20
74.2 8.452819e+20
74.3 8.447242e+20
74.4 8.441677e+20
74.5 8.436122e+20
74.6 8.430579e+20
74.7 8.425046e+20
74.8 8.419525e+20
74.9 8.414014e+20
75.0 8.408514e+20
75.1 8.403024e+20
75.2 8.397546e+20
75.3 8.392078e+20
75.4 8.386621e+20
75.5 8.381174e+20
75.6 8.375738e+20
75.7 8.370313e+20
75.8 8.364898e+20
75.9 8.359493e+20
76.0 8.354099e+20
76.1 8.348716e+20
76.2 8.343343e+20
76.3 8.337980e+20
76.4 8.332628e+20
76.5 8.327286e+20
76.6 8.321954e+20
76.7 8.316632e+20
76.8 8.311321e+20
76.9 8.306020e+20
77.0 8.300729e+20
77.1 8.295448e+20
77.2 8.290177e+20
77.3 8.284916e+20
77.4 8.279665e+20
77.5 8.274424e+20
77.6 8.269193e+20
77.7 8.263972e+20
77.8 8.258761e+20
77.9 8.253560e+20
78.0 8.248368e+20
78.1 8.243187e+20
78.2 8.238015e+20
78.3 8.232852e+20
78.4 8.227700e+20
78.5 8.222557e+20
78.6 8.217424e+20
78.7 8.212300e+20
78.8 8.207186e+20
78.9 8.202082e+20
79.0 8.196987e+20
79.1 8.191901e+20
79.2 8.186825e+20
79.3 8.181758e+20
79.4 8.176701e+20
79.5 8.171653e+20
79.6 8.166615e+20
79.7 8.161586e+20
79.8 8.156566e+20
79.9 8.151555e+20
80.0 8.146554e+20
80.1 8.141561e+20
80.2 8.136578e+20
80.3 8.131604e+20
80.4 8.126640e+20
80.5 8.121684e+20
80.6 8.116737e+20
80.7 8.111800e+20
80.8 8.106871e+20
80.9 8.101951e+20
81.0 8.097041e+20
81.1 8.092139e+20
81.2 8.087246e+20
81.3 8.082362e+20
81.4 8.077487e+20
81.5 8.072620e+20
81.6 8.067763e+20
81.7 8.062914e+20
81.8 8.058074e+20
81.9 8.053242e+20
82.0 8.048420e+20
82.1 8.043606e+20
82.2 8.038800e+20
82.3 8.034003e+20
82.4 8.029215e+20
82.5 8.024435e+20
82.6 8.019664e+20
82.7 8.014902e+20
82.8 8.010148e+20
82.9 8.005402e+20
83.0 8.000665e+20
83.1 7.995936e+20
83.2 7.991215e+20
83.3 7.986503e+20
83.4 7.981799e+20
83.5 7.977104e+20
83.6 7.972416e+20
83.7 7.967737e+20
83.8 7.963067e+20
83.9 7.958404e+20
84.0 7.953750e+20
84.1 7.949103e+20
84.2 7.944465e+20
84.3 7.939835e+20
84.4 7.935214e+20
84.5 7.930600e+20
84.6 7.925994e+20
84.7 7.921396e+20
84.8 7.916806e+20
84.9 7.912225e+20
85.0 7.907651e+20
85.1 7.903085e+20
85.2 7.898527e+20
85.3 7.893977e+20
85.4 7.889435e+20
85.5 7.884900e+20
85.6 7.880373e+20
85.7 7.875855e+20
85.8 7.871344e+20
85.9 7.866840e+20
86.0 7.862345e+20
86.1 7.857857e+20
86.2 7.853376e+20
86.3 7.848904e+20
86.4 7.844439e+20
86.5 7.839982e+20
86.6 7.835532e+20
86.7 7.831090e+20
86.8 7.826655e+20
86.9 7.822228e+20
87.0 7.817808e+20
87.1 7.813396e+20
87.2 7.808992e+20
87.3 7.804595e+20
87.4 7.800205e+20
87.5 7.795822e+20
87.6 7.791447e+20
87.7 7.787080e+20
87.8 7.782719e+20
87.9 7.778366e+20
88.0 7.774021e+20
88.1 7.769682e+20
88.2 7.765351e+20
88.3 7.761027e+20
88.4 7.756711e+20
88.5 7.752401e+20
88.6 7.748099e+20
88.7 7.743804e+20
88.8 7.739516e+20
88.9 7.735235e+20
89.0 7.730961e+20
89.1 7.726694e+20
89.2 7.722435e+20
89.3 7.718182e+20
89.4 7.713936e+20
89.5 7.709698e+20
89.6 7.705466e+20
89.7 7.701241e+20
89.8 7.697024e+20
89.9 7.692813e+20
90.0 7.688609e+20
90.1 7.684412e+20
90.2 7.680222e+20
90.3 7.676039e+20
90.4 7.671862e+20
90.5 7.667692e+20
90.6 7.663530e+20
90.7 7.659374e+20
90.8 7.655224e+20
90.9 7.651082e+20
91.0 7.646946e+20
91.1 7.642817e+20
91.2 7.638694e+20
91.3 7.634578e+20
91.4 7.630469e+20
91.5 7.626367e+20
91.6 7.622271e+20
91.7 7.618181e+20
91.8 7.614099e+20
91.9 7.610022e+20
92.0 7.605953e+20
92.1 7.601890e+20
92.2 7.597833e+20
92.3 7.593783e+20
92.4 7.589739e+20
92.5 7.585702e+20
92.6 7.581671e+20
92.7 7.577647e+20
92.8 7.573629e+20
92.9 7.569617e+20
93.0 7.565612e+20
93.1 7.561613e+20
93.2 7.557621e+20
93.3 7.553634e+20
93.4 7.549655e+20
93.5 7.545681e+20
93.6 7.541714e+20
93.7 7.537752e+20
93.8 7.533798e+20
93.9 7.529849e+20
94.0 7.525907e+20
94.1 7.521970e+20
94.2 7.518040e+20
94.3 7.514116e+20
94.4 7.510199e+20
94.5 7.506287e+20
94.6 7.502381e+20
94.7 7.498482e+20
94.8 7.494589e+20
94.9 7.490701e+20
95.0 7.486820e+20
95.1 7.482945e+20
95.2 7.479076e+20
95.3 7.475212e+20
95.4 7.471355e+20
95.5 7.467504e+20
95.6 7.463658e+20
95.7 7.459819e+20
95.8 7.455986e+20
95.9 7.452158e+20
96.0 7.448336e+20
96.1 7.444520e+20
96.2 7.440710e+20
96.3 7.436906e+20
96.4 7.433108e+20
96.5 7.429316e+20
96.6 7.425529e+20
96.7 7.421748e+20
96.8 7.417973e+20
96.9 7.414204e+20
97.0 7.410440e+20
97.1 7.406682e+20
97.2 7.402930e+20
97.3 7.399184e+20
97.4 7.395443e+20
97.5 7.391708e+20
97.6 7.387978e+20
97.7 7.384254e+20
97.8 7.380536e+20
97.9 7.376824e+20
98.0 7.373117e+20
98.1 7.369415e+20
98.2 7.365719e+20
98.3 7.362029e+20
98.4 7.358344e+20
98.5 7.354665e+20
98.6 7.350991e+20
98.7 7.347323e+20
98.8 7.343661e+20
98.9 7.340003e+20
99.0 7.336352e+20
99.1 7.332705e+20
99.2 7.329064e+20
99.3 7.325429e+20
99.4 7.321799e+20
99.5 7.318174e+20
99.6 7.314555e+20
99.7 7.310941e+20
99.8 7.307332e+20
99.9 7.303729e+20
100.0 7.300131e+20
100.1 7.296539e+20
100.2 7.292951e+20
100.3 7.289369e+20
100.4 7.285793e+20
100.5 7.282221e+20
100.6 7.278655e+20
100.7 7.275094e+20
100.8 7.271538e+20
100.9 7.267987e+20
101.0 7.264442e+20
101.1 7.260902e+20
101.2 7.257367e+20
101.3 7.253837e+20
101.4 7.250312e+20
101.5 7.246793e+20
101.6 7.243278e+20
101.7 7.239769e+20
101.8 7.236265e+20
101.9 7.232766e+20
102.0 7.229272e+20
102.1 7.225783e+20
102.2 7.222299e+20
102.3 7.218820e+20
102.4 7.215346e+20
102.5 7.211877e+20
102.6 7.208413e+20
102.7 7.204954e+20
102.8 7.201500e+20
102.9 7.198051e+20
103.0 7.194607e+20
103.1 7.191168e+20
103.2 7.187734e+20
103.3 7.184305e+20
103.4 7.180880e+20
103.5 7.177461e+20
103.6 7.174046e+20
103.7 7.170636e+20
103.8 7.167232e+20
103.9 7.163832e+20
104.0 7.160436e+20
104.1 7.157046e+20
104.2 7.153661e+20
104.3 7.150280e+20
104.4 7.146904e+20
104.5 7.143533e+20
104.6 7.140166e+20
104.7 7.136805e+20
104.8 7.133448e+20
104.9 7.130096e+20
105.0 7.126748e+20
105.1 7.123406e+20
105.2 7.120068e+20
105.3 7.116734e+20
105.4 7.113406e+20
105.5 7.110082e+20
105.6 7.106762e+20
105.7 7.103448e+20
105.8 7.100138e+20
105.9 7.096832e+20
106.0 7.093531e+20
106.1 7.090235e+20
106.2 7.086943e+20
106.3 7.083656e+20
106.4 7.080374e+20
106.5 7.077096e+20
106.6 7.073823e+20
106.7 7.070554e+20
106.8 7.067290e+20
106.9 7.064030e+20
107.0 7.060775e+20
107.1 7.057524e+20
107.2 7.054277e+20
107.3 7.051036e+20
107.4 7.047798e+20
107.5 7.044565e+20
107.6 7.041337e+20
107.7 7.038113e+20
107.8 7.034893e+20
107.9 7.031678e+20
108.0 7.028467e+20
108.1 7.025261e+20
108.2 7.022059e+20
108.3 7.018862e+20
108.4 7.015668e+20
108.5 7.012479e+20
108.6 7.009295e+20
108.7 7.006115e+20
108.8 7.002939e+20
108.9 6.999767e+20
109.0 6.996600e+20
109.1 6.993437e+20
109.2 6.990278e+20
109.3 6.987124e+20
109.4 6.983974e+20
109.5 6.980828e+20
109.6 6.977686e+20
109.7 6.974549e+20
109.8 6.971416e+20
109.9 6.968287e+20
110.0 6.965162e+20
110.1 6.962042e+20
110.2 6.958925e+20
110.3 6.955813e+20
110.4 6.952705e+20
110.5 6.949601e+20
110.6 6.946502e+20
110.7 6.943406e+20
110.8 6.940315e+20
110.9 6.937227e+20
111.0 6.934144e+20
111.1 6.931065e+20
111.2 6.927990e+20
111.3 6.924920e+20
111.4 6.921853e+20
111.5 6.918790e+20
111.6 6.915731e+20
111.7 6.912677e+20
111.8 6.909626e+20
111.9 6.906580e+20
112.0 6.903537e+20
112.1 6.900499e+20
112.2 6.897464e+20
112.3 6.894434e+20
112.4 6.891408e+20
112.5 6.888385e+20
112.6 6.885367e+20
112.7 6.882352e+20
112.8 6.879341e+20
112.9 6.876335e+20
113.0 6.873332e+20
113.1 6.870333e+20
113.2 6.867339e+20
113.3 6.864348e+20
113.4 6.861361e+20
113.5 6.858378e+20
113.6 6.855398e+20
113.7 6.852423e+20
113.8 6.849451e+20
113.9 6.846484e+20
114.0 6.843520e+20
114.1 6.840560e+20
114.2 6.837604e+20
114.3 6.834652e+20
114.4 6.831703e+20
114.5 6.828759e+20
114.6 6.825818e+20
114.7 6.822881e+20
114.8 6.819948e+20
114.9 6.817018e+20
115.0 6.814093e+20
115.1 6.811171e+20
115.2 6.808253e+20
115.3 6.805338e+20
115.4 6.802428e+20
115.5 6.799521e+20
115.6 6.796617e+20
115.7 6.793718e+20
115.8 6.790822e+20
115.9 6.787930e+20
116.0 6.785042e+20
116.1 6.782157e+20
116.2 6.779276e+20
116.3 6.776399e+20
116.4 6.773525e+20
116.5 6.770655e+20
116.6 6.767788e+20
116.7 6.764926e+20
116.8 6.762067e+20
116.9 6.759211e+20
117.0 6.756359e+20
117.1 6.753511e+20
117.2 6.750666e+20
117.3 6.747825e+20
117.4 6.744988e+20
117.5 6.742154e+20
117.6 6.739323e+20
117.7 6.736496e+20
117.8 6.733673e+20
117.9 6.730853e+20
118.0 6.728037e+20
118.1 6.725225e+20
118.2 6.722416e+20
118.3 6.719610e+20
118.4 6.716808e+20
118.5 6.714009e+20
118.6 6.711214e+20
118.7 6.708423e+20
118.8 6.705635e+20
118.9 6.702850e+20
119.0 6.700069e+20
119.1 6.697291e+20
119.2 6.694517e+20
119.3 6.691746e+20
119.4 6.688979e+20
119.5 6.686215e+20
119.6 6.683454e+20
119.7 6.680697e+20
119.8 6.677943e+20
119.9 6.675193e+20
4.556636e+28 4.312952e+28 4.071853e+28 3.834220e+28 3.600894e+28 3.372669e+28 3.150281e+28 2.934406e+28 2.725650e+28 2.524547e+28  
0.0 -6.857558e+21
0.1 -6.427129e+21
0.2 -6.061731e+21
0.3 -5.747937e+21
0.4 -5.475536e+21
0.5 -5.236697e+21
0.6 -5.025355e+21
0.7 -4.836773e+21
0.8 -4.667217e+21
0.9 -4.513714e+21
1.0 -4.373879e+21
1.1 -4.245778e+21
1.2 -4.127830e+21
1.3 -4.018732e+21
1.4 -3.917404e+21
1.5 -3.822936e+21
1.6 -3.734566e+21
1.7 -3.651642e+21
1.8 -3.573608e+21
1.9 -3.499985e+21
2.0 -3.430359e+21
2.1 -3.364368e+21
2.2 -3.301695e+21
2.3 -3.242063e+21
2.4 -3.185225e+21
2.5 -3.130962e+21
2.6 -3.079080e+21
2.7 -3.029405e+21
2.8 -2.981779e+21
2.9 -2.936061e+21
3.0 -2.892125e+21
3.1 -2.849853e+21
3.2 -2.809141e+21
3.3 -2.769894e+21
3.4 -2.732022e+21
3.5 -2.695446e+21
3.6 -2.660092e+21
3.7 -2.625892e+21
3.8 -2.592783e+21
3.9 -2.560707e+21
4.0 -2.529611e+21
4.1 -2.499445e+21
4.2 -2.470162e+21
4.3 -2.441720e+21
4.4 -2.414079e+21
4.5 -2.387200e+21
4.6 -2.361050e+21
4.7 -2.335596e+21
4.8 -2.310806e+21
4.9 -2.286652e+21
5.0 -2.263107e+21
5.1 -2.240146e+21
5.2 -2.217744e+21
5.3 -2.195879e+21
5.4 -2.174530e+21
5.5 -2.153676e+21
5.6 -2.133299e+21
5.7 -2.113381e+21
5.8 -2.093904e+21
5.9 -2.074852e+21
6.0 -2.056210e+21
6.1 -2.037964e+21
6.2 -2.020099e+21
6.3 -2.002603e+21
6.4 -1.985462e+21
6.5 -1.968666e+21
6.6 -1.952202e+21
6.7 -1.936060e+21
6.8 -1.920229e+21
6.9 -1.904699e+21
7.0 -1.889462e+21
7.1 -1.874507e+21
7.2 -1.859827e+21
7.3 -1.845413e+21
7.4 -1.831257e+21
7.5 -1.817352e+21
7.6 -1.803690e+21
7.7 -1.790264e+21
7.8 -1.777067e+21
7.9 -1.764094e+21
8.0 -1.751338e+21
8.1 -1.738793e+21
8.2 -1.726452e+21
8.3 -1.714312e+21
8.4 -1.702366e+21
8.5 -1.690609e+21
8.6 -1.679037e+21
8.7 -1.667645e+21
8.8 -1.656427e+21
8.9 -1.645380e+21
9.0 -1.634500e+21
9.1 -1.623782e+21
9.2 -1.613222e+21
9.3 -1.602817e+21
9.4 -1.592563e+21
9.5 -1.582456e+21
9.6 -1.572493e+21
9.7 -1.562671e+21
9.8 -1.552986e+21
9.9 -1.543434e+21
10.0 -1.534014e+21
10.1 -1.524722e+21
10.2 -1.515556e+21
10.3 -1.506512e+21
10.4 -1.497587e+21
10.5 -1.488780e+21
10.6 -1.480088e+21
10.7 -1.471509e+21
10.8 -1.463039e+21
10.9 -1.454677e+21
11.0 -1.446420e+21
11.1 -1.438267e+21
11.2 -1.430214e+21
11.3 -1.422261e+21
11.4 -1.414406e+21
11.5 -1.406645e+21
11.6 -1.398978e+21
11.7 -1.391402e+21
11.8 -1.383916e+21
11.9 -1.376518e+21
12.0 -1.369206e+21
12.1 -1.361979e+21
12.2 -1.354836e+21
12.3 -1.347774e+21
12.4 -1.340791e+21
12.5 -1.333888e+21
12.6 -1.327061e+21
12.7 -1.320311e+21
12.8 -1.313635e+21
12.9 -1.307031e+21
13.0 -1.300500e+21
13.1 -1.294039e+21
13.2 -1.287647e+21
13.3 -1.281324e+21
13.4 -1.275067e+21
13.5 -1.268876e+21
13.6 -1.262750e+21
13.7 -1.256687e+21
13.8 -1.250687e+21
13.9 -1.244749e+21
14.0 -1.238870e+21
14.1 -1.233051e+21
14.2 -1.227291e+21
14.3 -1.221588e+21
14.4 -1.215942e+21
14.5 -1.210351e+21
14.6 -1.204815e+21
14.7 -1.199333e+21
14.8 -1.193904e+21
14.9 -1.188528e+21
15.0 -1.183203e+21
15.1 -1.177928e+21
15.2 -1.172704e+21
15.3 -1.167528e+21
15.4 -1.162401e+21
15.5 -1.157321e+21
15.6 -1.152289e+21
15.7 -1.147303e+21
15.8 -1.142362e+21
15.9 -1.137466e+21
16.0 -1.132614e+21
16.1 -1.127806e+21
16.2 -1.123041e+21
16.3 -1.118318e+21
16.4 -1.113637e+21
16.5 -1.108998e+21
16.6 -1.104398e+21
16.7 -1.099839e+21
16.8 -1.095319e+21
16.9 -1.090838e+21
17.0 -1.086395e+21
17.1 -1.081991e+21
17.2 -1.077623e+21
17.3 -1.073292e+21
17.4 -1.068998e+21
17.5 -1.064739e+21
17.6 -1.060516e+21
17.7 -1.056328e+21
17.8 -1.052174e+21
17.9 -1.048054e+21
18.0 -1.043967e+21
18.1 -1.039914e+21
18.2 -1.035893e+21
18.3 -1.031905e+21
18.4 -1.027948e+21
18.5 -1.024022e+21
18.6 -1.020128e+21
18.7 -1.016264e+21
18.8 -1.012431e+21
18.9 -1.008627e+21
19.0 -1.004853e+21
19.1 -1.001108e+21
19.2 -9.973921e+20
19.3 -9.937042e+20
19.4 -9.900445e+20
19.5 -9.864124e+20
19.6 -9.828078e+20
19.7 -9.792302e+20
19.8 -9.756793e+20
19.9 -9.721549e+20
20.0 -9.686566e+20
20.1 -9.651840e+20
20.2 -9.617370e+20
20.3 -9.583151e+20
20.4 -9.549182e+20
20.5 -9.515458e+20
20.6 -9.481978e+20
20.7 -9.448739e+20
20.8 -9.415737e+20
20.9 -9.382970e+20
21.0 -9.350435e+20
21.1 -9.318131e+20
21.2 -9.286053e+20
21.3 -9.254201e+20
21.4 -9.222570e+20
21.5 -9.191159e+20
21.6 -9.159965e+20
21.7 -9.128986e+20
21.8 -9.098220e+20
21.9 -9.067664e+20
22.0 -9.037316e+20
22.1 -9.007174e+20
22.2 -8.977235e+20
22.3 -8.947497e+20
22.4 -8.917959e+20
22.5 -8.888617e+20
22.6 -8.859471e+20
22.7 -8.830517e+20
22.8 -8.801754e+20
22.9 -8.773181e+20
23.0 -8.744794e+20
23.1 -8.716592e+20
23.2 -8.688573e+20
23.3 -8.660736e+20
23.4 -8.633078e+20
23.5 -8.605597e+20
23.6 -8.578292e+20
23.7 -8.551161e+20
23.8 -8.524203e+20
23.9 -8.497414e+20
24.0 -8.470795e+20
24.1 -8.444342e+20
24.2 -8.418055e+20
24.3 -8.391932e+20
24.4 -8.365971e+20
24.5 -8.340171e+20
24.6 -8.314530e+20
24.7 -8.289046e+20
24.8 -8.263718e+20
24.9 -8.238544e+20
25.0 -8.213524e+20
25.1 -8.188655e+20
25.2 -8.163936e+20
25.3 -8.139366e+20
25.4 -8.114943e+20
25.5 -8.090665e+20
25.6 -8.066533e+20
25.7 -8.042543e+20
25.8 -8.018695e+20
25.9 -7.994988e+20
26.0 -7.971419e+20
26.1 -7.947989e+20
26.2 -7.924695e+20
26.3 -7.901537e+20
26.4 -7.878512e+20
26.5 -7.855621e+20
26.6 -7.832861e+20
26.7 -7.810232e+20
26.8 -7.787732e+20
26.9 -7.765360e+20
27.0 -7.743115e+20
27.1 -7.720996e+20
27.2 -7.699002e+20
27.3 -7.677132e+20
27.4 -7.655384e+20
27.5 -7.633757e+20
27.6 -7.612251e+20
27.7 -7.590865e+20
27.8 -7.569596e+20
27.9 -7.548445e+20
28.0 -7.527410e+20
28.1 -7.506491e+20
28.2 -7.485686e+20
28.3 -7.464994e+20
28.4 -7.444414e+20
28.5 -7.423946e+20
28.6 -7.403589e+20
28.7 -7.383340e+20
28.8 -7.363201e+20
28.9 -7.343169e+20
29.0 -7.323244e+20
29.1 -7.303425e+20
29.2 -7.283711e+20
29.3 -7.264101e+20
29.4 -7.244594e+20
29.5 -7.225190e+20
29.6 -7.205887e+20
29.7 -7.186685e+20
29.8 -7.167583e+20
29.9 -7.148580e+20
30.0 -7.129675e+20
30.1 -7.110868e+20
30.2 -7.092158e+20
30.3 -7.073544e+20
30.4 -7.055025e+20
30.5 -7.036600e+20
30.6 -7.018269e+20
30.7 -7.000031e+20
30.8 -6.981885e+20
30.9 -6.963831e+20
31.0 -6.945867e+20
31.1 -6.927993e+20
31.2 -6.910209e+20
31.3 -6.892514e+20
31.4 -6.874906e+20
31.5 -6.857386e+20
31.6 -6.839952e+20
31.7 -6.822604e+20
31.8 -6.805342e+20
31.9 -6.788164e+20
32.0 -6.771070e+20
32.1 -6.754059e+20
32.2 -6.737131e+20
32.3 -6.720286e+20
32.4 -6.703521e+20
32.5 -6.686838e+20
32.6 -6.670235e+20
32.7 -6.653711e+20
32.8 -6.637267e+20
32.9 -6.620901e+20
33.0 -6.604613e+20
33.1 -6.588402e+20
33.2 -6.572268e+20
33.3 -6.556210e+20
33.4 -6.540227e+20
33.5 -6.524320e+20
33.6 -6.508487e+20
33.7 -6.492729e+20
33.8 -6.477043e+20
33.9 -6.461431e+20
34.0 -6.445891e+20
34.1 -6.430423e+20
34.2 -6.415026e+20
34.3 -6.399700e+20
34.4 -6.384444e+20
34.5 -6.369258e+20
34.6 -6.354142e+20
34.7 -6.339094e+20
34.8 -6.324115e+20
34.9 -6.309203e+20
35.0 -6.294359e+20
35.1 -6.279582e+20
35.2 -6.264872e+20
35.3 -6.250227e+20
35.4 -6.235648e+20
35.5 -6.221134e+20
35.6 -6.206685e+20
35.7 -6.192299e+20
35.8 -6.177978e+20
35.9 -6.163720e+20
36.0 -6.149525e+20
36.1 -6.135392e+20
36.2 -6.121321e+20
36.3 -6.107312e+20
36.4 -6.093364e+20
36.5 -6.079477e+20
36.6 -6.065650e+20
36.7 -6.051883e+20
36.8 -6.038176e+20
36.9 -6.024528e+20
37.0 -6.010938e+20
37.1 -5.997407e+20
37.2 -5.983934e+20
37.3 -5.970519e+20
37.4 -5.957161e+20
37.5 -5.943859e+20
37.6 -5.930614e+20
37.7 -5.917426e+20
37.8 -5.904293e+20
37.9 -5.891215e+20
38.0 -5.878192e+20
38.1 -5.865224e+20
38.2 -5.852311e+20
38.3 -5.839451e+20
38.4 -5.826645e+20
38.5 -5.813892e+20
38.6 -5.801192e+20
38.7 -5.788545e+20
38.8 -5.775950e+20
38.9 -5.763407e+20
39.0 -5.750915e+20
39.1 -5.738475e+20
39.2 -5.726086e+20
39.3 -5.713747e+20
39.4 -5.701459e+20
39.5 -5.689220e+20
39.6 -5.677032e+20
39.7 -5.664892e+20
39.8 -5.652802e+20
39.9 -5.640760e+20
40.0 -5.628767e+20
40.1 -5.616822e+20
40.2 -5.604925e+20
40.3 -5.593075e+20
40.4 -5.581273e+20
40.5 -5.569518e+20
40.6 -5.557809e+20
40.7 -5.546147e+20
40.8 -5.534531e+20
40.9 -5.522960e+20
41.0 -5.511436e+20
41.1 -5.499956e+20
41.2 -5.488522e+20
41.3 -5.477132e+20
41.4 -5.465787e+20
41.5 -5.454486e+20
41.6 -5.443229e+20
41.7 -5.432015e+20
41.8 -5.420845e+20
41.9 -5.409719e+20
42.0 -5.398635e+20
42.1 -5.387594e+20
42.2 -5.376595e+20
42.3 -5.365638e+20
42.4 -5.354723e+20
42.5 -5.343850e+20
42.6 -5.333019e+20
42.7 -5.322228e+20
42.8 -5.311479e+20
42.9 -5.300770e+20
43.0 -5.290101e+20
43.1 -5.279473e+20
43.2 -5.268885e+20
43.3 -5.258337e+20
43.4 -5.247828e+20
43.5 -5.237358e+20
43.6 -5.226928e+20
43.7 -5.216536e+20
43.8 -5.206183e+20
43.9 -5.195869e+20
44.0 -5.185593e+20
44.1 -5.175354e+20
44.2 -5.165154e+20
44.3 -5.154991e+20
44.4 -5.144865e+20
44.5 -5.134777e+20
44.6 -5.124725e+20
44.7 -5.114710e+20
44.8 -5.104732e+20
44.9 -5.094790e+20
45.0 -5.084884e+20
45.1 -5.075014e+20
45.2 -5.065180e+20
45.3 -5.055381e+20
45.4 -5.045618e+20
45.5 -5.035889e+20
45.6 -5.026196e+20
45.7 -5.016538e+20
45.8 -5.006914e+20
45.9 -4.997324e+20
46.0 -4.987768e+20
46.1 -4.978247e+20
46.2 -4.968759e+20
46.3 -4.959305e+20
46.4 -4.949885e+20
46.5 -4.940497e+20
46.6 -4.931143e+20
46.7 -4.921822e+20
46.8 -4.912533e+20
46.9 -4.903277e+20
47.0 -4.894053e+20
47.1 -4.884862e+20
47.2 -4.875703e+20
47.3 -4.866575e+20
47.4 -4.857479e+20
47.5 -4.848415e+20
47.6 -4.839382e+20
47.7 -4.830380e+20
47.8 -4.821410e+20
47.9 -4.812470e+20
48.0 -4.803561e+20
48.1 -4.794682e+20
48.2 -4.785834e+20
48.3 -4.777016e+20
48.4 -4.768228e+20
48.5 -4.759471e+20
48.6 -4.750742e+20
48.7 -4.742044e+20
48.8 -4.733375e+20
48.9 -4.724735e+20
49.0 -4.716125e+20
49.1 -4.707543e+20
49.2 -4.698990e+20
49.3 -4.690466e+20
49.4 -4.681971e+20
49.5 -4.673504e+20
49.6 -4.665065e+20
49.7 -4.656655e+20
49.8 -4.648272e+20
49.9 -4.639917e+20
50.0 -4.631590e+20
50.1 -4.623291e+20
50.2 -4.615019e+20
50.3 -4.606774e+20
50.4 -4.598557e+20
50.5 -4.590366e+20
50.6 -4.582203e+20
50.7 -4.574066e+20
50.8 -4.565955e+20
50.9 -4.557872e+20
51.0 -4.549814e+20
51.1 -4.541783e+20
51.2 -4.533778e+20
51.3 -4.525799e+20
51.4 -4.517846e+20
51.5 -4.509918e+20
51.6 -4.502016e+20
51.7 -4.494140e+20
51.8 -4.486289e+20
51.9 -4.478463e+20
52.0 -4.470662e+20
52.1 -4.462886e+20
52.2 -4.455135e+20
52.3 -4.447409e+20
52.4 -4.439707e+20
52.5 -4.432030e+20
52.6 -4.424377e+20
52.7 -4.416749e+20
52.8 -4.409144e+20
52.9 -4.401564e+20
53.0 -4.394008e+20
53.1 -4.386475e+20
53.2 -4.378966e+20
53.3 -4.371481e+20
53.4 -4.364019e+20
53.5 -4.356580e+20
53.6 -4.349165e+20
53.7 -4.341773e+20
53.8 -4.334404e+20
53.9 -4.327058e+20
54.0 -4.319734e+20
54.1 -4.312434e+20
54.2 -4.305155e+20
54.3 -4.297900e+20
54.4 -4.290667e+20
54.5 -4.283456e+20
54.6 -4.276267e+20
54.7 -4.269100e+20
54.8 -4.261955e+20
54.9 -4.254832e+20
55.0 -4.247731e+20
55.1 -4.240652e+20
55.2 -4.233594e+20
55.3 -4.226558e+20
55.4 -4.219543e+20
55.5 -4.212549e+20
55.6 -4.205576e+20
55.7 -4.198625e+20
55.8 -4.191694e+20
55.9 -4.184785e+20
56.0 -4.177896e+20
56.1 -4.171028e+20
56.2 -4.164180e+20
56.3 -4.157353e+20
56.4 -4.150546e+20
56.5 -4.143760e+20
56.6 -4.136994e+20
56.7 -4.130248e+20
56.8 -4.123522e+20
56.9 -4.116817e+20
57.0 -4.110131e+20
57.1 -4.103464e+20
57.2 -4.096818e+20
57.3 -4.090191e+20
57.4 -4.083583e+20
57.5 -4.076996e+20
57.6 -4.070427e+20
57.7 -4.063878e+20
57.8 -4.057347e+20
57.9 -4.050836e+20
58.0 -4.044344e+20
58.1 -4.037871e+20
58.2 -4.031417e+20
58.3 -4.024982e+20
58.4 -4.018565e+20
58.5 -4.012167e+20
58.6 -4.005787e+20
58.7 -3.999426e+20
58.8 -3.993083e+20
58.9 -3.986758e+20
59.0 -3.980452e+20
59.1 -3.974163e+20
59.2 -3.967893e+20
59.3 -3.961641e+20
59.4 -3.955406e+20
59.5 -3.949190e+20
59.6 -3.942991e+20
59.7 -3.936810e+20
59.8 -3.930646e+20
59.9 -3.924500e+20
60.0 -3.918371e+20
60.1 -3.912260e+20
60.2 -3.906166e+20
60.3 -3.900089e+20
60.4 -3.894030e+20
60.5 -3.887987e+20
60.6 -3.881961e+20
60.7 -3.875953e+20
60.8 -3.869961e+20
60.9 -3.863986e+20
61.0 -3.858028e+20
61.1 -3.852086e+20
61.2 -3.846161e+20
61.3 -3.840252e+20
61.4 -3.834360e+20
61.5 -3.828484e+20
61.6 -3.822625e+20
61.7 -3.816781e+20
61.8 -3.810954e+20
61.9 -3.805143e+20
62.0 -3.799348e+20
62.1 -3.793569e+20
62.2 -3.787806e+20
62.3 -3.782059e+20
62.4 -3.776327e+20
62.5 -3.770611e+20
62.6 -3.764911e+20
62.7 -3.759226e+20
62.8 -3.753557e+20
62.9 -3.747903e+20
63.0 -3.742265e+20
63.1 -3.736642e+20
63.2 -3.731034e+20
63.3 -3.725442e+20
63.4 -3.719865e+20
63.5 -3.714302e+20
63.6 -3.708755e+20
63.7 -3.703222e+20
63.8 -3.697705e+20
63.9 -3.692202e+20
64.0 -3.686715e+20
64.1 -3.681241e+20
64.2 -3.675783e+20
64.3 -3.670339e+20
64.4 -3.664910e+20
64.5 -3.659495e+20
64.6 -3.654094e+20
64.7 -3.648708e+20
64.8 -3.643336e+20
64.9 -3.637979e+20
65.0 -3.632635e+20
65.1 -3.627306e+20
65.2 -3.621991e+20
65.3 -3.616690e+20
65.4 -3.611403e+20
65.5 -3.606129e+20
65.6 -3.600870e+20
65.7 -3.595624e+20
65.8 -3.590393e+20
65.9 -3.585175e+20
66.0 -3.579970e+20
66.1 -3.574779e+20
66.2 -3.569602e+20
66.3 -3.564438e+20
66.4 -3.559288e+20
66.5 -3.554151e+20
66.6 -3.549027e+20
66.7 -3.543916e+20
66.8 -3.538819e+20
66.9 -3.533735e+20
67.0 -3.528664e+20
67.1 -3.523606e+20
67.2 -3.518562e+20
67.3 -3.513530e+20
67.4 -3.508511e+20
67.5 -3.503505e+20
67.6 -3.498512e+20
67.7 -3.493531e+20
67.8 -3.488563e+20
67.9 -3.483608e+20
68.0 -3.478666e+20
68.1 -3.473736e+20
68.2 -3.468819e+20
68.3 -3.463914e+20
68.4 -3.459022e+20
68.5 -3.454142e+20
68.6 -3.449274e+20
68.7 -3.444419e+20
68.8 -3.439576e+20
68.9 -3.434745e+20
69.0 -3.429926e+20
69.1 -3.425120e+20
69.2 -3.420325e+20
69.3 -3.415543e+20
69.4 -3.410772e+20
69.5 -3.406014e+20
69.6 -3.401267e+20
69.7 -3.396532e+20
69.8 -3.391809e+20
69.9 -3.387098e+20
70.0 -3.382399e+20
70.1 -3.377711e+20
70.2 -3.373035e+20
70.3 -3.368370e+20
70.4 -3.363717e+20
70.5 -3.359075e+20
70.6 -3.354445e+20
70.7 -3.349827e+20
70.8 -3.345219e+20
70.9 -3.340623e+20
71.0 -3.336039e+20
71.1 -3.331465e+20
71.2 -3.326903e+20
71.3 -3.322352e+20
71.4 -3.317812e+20
71.5 -3.313283e+20
71.6 -3.308765e+20
71.7 -3.304259e+20
71.8 -3.299763e+20
71.9 -3.295278e+20
72.0 -3.290804e+20
72.1 -3.286341e+20
72.2 -3.281888e+20
72.3 -3.277447e+20
72.4 -3.273016e+20
72.5 -3.268596e+20
72.6 -3.264186e+20
72.7 -3.259788e+20
72.8 -3.255399e+20
72.9 -3.251022e+20
73.0 -3.246654e+20
73.1 -3.242298e+20
73.2 -3.237951e+20
73.3 -3.233615e+20
73.4 -3.229290e+20
73.5 -3.224974e+20
73.6 -3.220670e+20
73.7 -3.216375e+20
73.8 -3.212090e+20
73.9 -3.207816e+20
74.0 -3.203552e+20
74.1 -3.199298e+20
74.2 -3.195054e+20
74.3 -3.190820e+20
74.4 -3.186596e+20
74.5 -3.182382e+20
74.6 -3.178178e+20
74.7 -3.173983e+20
74.8 -3.169799e+20
74.9 -3.165625e+20
75.0 -3.161460e+20
75.1 -3.157305e+20
75.2 -3.153160e+20
75.3 -3.149024e+20
75.4 -3.144898e+20
75.5 -3.140782e+20
75.6 -3.136675e+20
75.7 -3.132578e+20
75.8 -3.128490e+20
75.9 -3.124412e+20
76.0 -3.120344e+20
76.1 -3.116284e+20
76.2 -3.112235e+20
76.3 -3.108194e+20
76.4 -3.104163e+20
76.5 -3.100141e+20
76.6 -3.096129e+20
76.7 -3.092125e+20
76.8 -3.088131e+20
76.9 -3.084146e+20
77.0 -3.080170e+20
77.1 -3.076203e+20
77.2 -3.072246e+20
77.3 -3.068297e+20
77.4 -3.064358e+20
77.5 -3.060427e+20
77.6 -3.056505e+20
77.7 -3.052593e+20
77.8 -3.048689e+20
77.9 -3.044794e+20
78.0 -3.040908e+20
78.1 -3.037030e+20
78.2 -3.033162e+20
78.3 -3.029302e+20
78.4 -3.025451e+20
78.5 -3.021608e+20
78.6 -3.017775e+20
78.7 -3.013950e+20
78.8 -3.010133e+20
78.9 -3.006325e+20
79.0 -3.002526e+20
79.1 -2.998735e+20
79.2 -2.994953e+20
79.3 -2.991179e+20
79.4 -2.987413e+20
79.5 -2.983656e+20
79.6 -2.979907e+20
79.7 -2.976167e+20
79.8 -2.972435e+20
79.9 -2.968711e+20
80.0 -2.964996e+20
80.1 -2.961289e+20
80.2 -2.957590e+20
80.3 -2.953899e+20
80.4 -2.950216e+20
80.5 -2.946542e+20
80.6 -2.942875e+20
80.7 -2.939217e+20
80.8 -2.935567e+20
80.9 -2.931924e+20
81.0 -2.928290e+20
81.1 -2.924664e+20
81.2 -2.921045e+20
81.3 -2.917435e+20
81.4 -2.913832e+20
81.5 -2.910238e+20
81.6 -2.906651e+20
81.7 -2.903072e+20
81.8 -2.899501e+20
81.9 -2.895938e+20
82.0 -2.892382e+20
82.1 -2.888834e+20
82.2 -2.885294e+20
82.3 -2.881761e+20
82.4 -2.878236e+20
82.5 -2.874719e+20
82.6 -2.871209e+20
82.7 -2.867707e+20
82.8 -2.864213e+20
82.9 -2.860726e+20
83.0 -2.857246e+20
83.1 -2.853774e+20
83.2 -2.850310e+20
83.3 -2.846852e+20
83.4 -2.843403e+20
83.5 -2.839960e+20
83.6 -2.836525e+20
83.7 -2.833098e+20
83.8 -2.829677e+20
83.9 -2.826264e+20
84.0 -2.822859e+20
84.1 -2.819460e+20
84.2 -2.816069e+20
84.3 -2.812685e+20
84.4 -2.809308e+20
84.5 -2.805938e+20
84.6 -2.802575e+20
84.7 -2.799220e+20
84.8 -2.795871e+20
84.9 -2.792530e+20
85.0 -2.789196e+20
85.1 -2.785869e+20
85.2 -2.782548e+20
85.3 -2.779235e+20
85.4 -2.775929e+20
85.5 -2.772629e+20
85.6 -2.769337e+20
85.7 -2.766051e+20
85.8 -2.762773e+20
85.9 -2.759501e+20
86.0 -2.756236e+20
86.1 -2.752977e+20
86.2 -2.749726e+20
86.3 -2.746481e+20
86.4 -2.743244e+20
86.5 -2.740012e+20
86.6 -2.736788e+20
86.7 -2.733570e+20
86.8 -2.730359e+20
86.9 -2.727155e+20
87.0 -2.723957e+20
87.1 -2.720765e+20
87.2 -2.717581e+20
87.3 -2.714403e+20
87.4 -2.711231e+20
87.5 -2.708066e+20
87.6 -2.704908e+20
87.7 -2.701756e+20
87.8 -2.698610e+20
87.9 -2.695471e+20
88.0 -2.692338e+20
88.1 -2.689212e+20
88.2 -2.686092e+20
88.3 -2.682979e+20
88.4 -2.679872e+20
88.5 -2.676771e+20
88.6 -2.673676e+20
88.7 -2.670588e+20
88.8 -2.667506e+20
88.9 -2.664431e+20
89.0 -2.661361e+20
89.1 -2.658298e+20
89.2 -2.655241e+20
89.3 -2.652190e+20
89.4 -2.649145e+20
89.5 -2.646107e+20
89.6 -2.643075e+20
89.7 -2.640048e+20
89.8 -2.637028e+20
89.9 -2.634014e+20
90.0 -2.631006e+20
90.1 -2.628004e+20
90.2 -2.625008e+20
90.3 -2.622018e+20
90.4 -2.619034e+20
90.5 -2.616056e+20
90.6 -2.613084e+20
90.7 -2.610118e+20
90.8 -2.607157e+20
90.9 -2.604203e+20
91.0 -2.601255e+20
91.1 -2.598312e+20
91.2 -2.595375e+20
91.3 -2.592444e+20
91.4 -2.589519e+20
91.5 -2.586600e+20
91.6 -2.583686e+20
91.7 -2.580779e+20
91.8 -2.577877e+20
91.9 -2.574980e+20
92.0 -2.572090e+20
92.1 -2.569205e+20
92.2 -2.566326e+20
92.3 -2.563452e+20
92.4 -2.560584e+20
92.5 -2.557722e+20
92.6 -2.554865e+20
92.7 -2.552014e+20
92.8 -2.549169e+20
92.9 -2.546329e+20
93.0 -2.543495e+20
93.1 -2.540666e+20
93.2 -2.537842e+20
93.3 -2.535025e+20
93.4 -2.532212e+20
93.5 -2.529405e+20
93.6 -2.526604e+20
93.7 -2.523808e+20
93.8 -2.521018e+20
93.9 -2.518232e+20
94.0 -2.515453e+20
94.1 -2.512678e+20
94.2 -2.509909e+20
94.3 -2.507146e+20
94.4 -2.504387e+20
94.5 -2.501634e+20
94.6 -2.498887e+20
94.7 -2.496144e+20
94.8 -2.493407e+20
94.9 -2.490675e+20
95.0 -2.487949e+20
95.1 -2.485227e+20
95.2 -2.482511e+20
95.3 -2.479800e+20
95.4 -2.477094e+20
95.5 -2.474394e+20
95.6 -2.471698e+20
95.7 -2.469008e+20
95.8 -2.466323e+20
95.9 -2.463643e+20
96.0 -2.460968e+20
96.1 -2.458298e+20
96.2 -2.455633e+20
96.3 -2.452973e+20
96.4 -2.450319e+20
96.5 -2.447669e+20
96.6 -2.445024e+20
96.7 -2.442384e+20
96.8 -2.439750e+20
96.9 -2.437120e+20
97.0 -2.434495e+20
97.1 -2.431875e+20
97.2 -2.429261e+20
97.3 -2.426651e+20
97.4 -2.424046e+20
97.5 -2.421445e+20
97.6 -2.418850e+20
97.7 -2.416260e+20
97.8 -2.413674e+20
97.9 -2.411093e+20
98.0 -2.408517e+20
98.1 -2.405946e+20
98.2 -2.403380e+20
98.3 -2.400818e+20
98.4 -2.398262e+20
98.5 -2.395710e+20
98.6 -2.393162e+20
98.7 -2.390620e+20
98.8 -2.388082e+20
98.9 -2.385549e+20
99.0 -2.383021e+20
99.1 -2.380497e+20
99.2 -2.377978e+20
99.3 -2.375463e+20
99.4 -2.372954e+20
99.5 -2.370449e+20
99.6 -2.367948e+20
99.7 -2.365452e+20
99.8 -2.362961e+20
99.9 -2.360474e+20
100.0 -2.357992e+20
100.1 -2.355515e+20
100.2 -2.353042e+20
100.3 -2.350573e+20
100.4 -2.348109e+20
100.5 -2.345650e+20
100.6 -2.343195e+20
100.7 -2.340744e+20
100.8 -2.338298e+20
100.9 -2.335857e+20
101.0 -2.333419e+20
101.1 -2.330987e+20
101.2 -2.328559e+20
101.3 -2.326135e+20
101.4 -2.323715e+20
101.5 -2.321300e+20
101.6 -2.318890e+20
101.7 -2.316483e+20
101.8 -2.314081e+20
101.9 -2.311684e+20
102.0 -2.309291e+20
102.1 -2.306902e+20
102.2 -2.304517e+20
102.3 -2.302137e+20
102.4 -2.299761e+20
102.5 -2.297389e+20
102.6 -2.295021e+20
102.7 -2.292658e+20
102.8 -2.290299e+20
102.9 -2.287944e+20
103.0 -2.285594e+20
103.1 -2.283248e+20
103.2 -2.280905e+20
103.3 -2.278567e+20
103.4 -2.276234e+20
103.5 -2.273904e+20
103.6 -2.271579e+20
103.7 -2.269257e+20
103.8 -2.266940e+20
103.9 -2.264627e+20
104.0 -2.262318e+20
104.1 -2.260013e+20
104.2 -2.257713e+20
104.3 -2.255416e+20
104.4 -2.253123e+20
104.5 -2.250835e+20
104.6 -2.248550e+20
104.7 -2.246270e+20
104.8 -2.243993e+20
104.9 -2.241721e+20
105.0 -2.239453e+20
105.1 -2.237188e+20
105.2 -2.234928e+20
105.3 -2.232671e+20
105.4 -2.230419e+20
105.5 -2.228170e+20
105.6 -2.225926e+20
105.7 -2.223685e+20
105.8 -2.221448e+20
105.9 -2.219216e+20
106.0 -2.216987e+20
106.1 -2.214762e+20
106.2 -2.212541e+20
106.3 -2.210323e+20
106.4 -2.208110e+20
106.5 -2.205900e+20
106.6 -2.203695e+20
106.7 -2.201493e+20
106.8 -2.199295e+20
106.9 -2.197101e+20
107.0 -2.194910e+20
107.1 -2.192724e+20
107.2 -2.190541e+20
107.3 -2.188362e+20
107.4 -2.186187e+20
107.5 -2.184015e+20
107.6 -2.181848e+20
107.7 -2.179684e+20
107.8 -2.177523e+20
107.9 -2.175367e+20
108.0 -2.173214e+20
108.1 -2.171065e+20
108.2 -2.168920e+20
108.3 -2.166778e+20
108.4 -2.164640e+20
108.5 -2.162505e+20
108.6 -2.160375e+20
108.7 -2.158248e+20
108.8 -2.156124e+20
108.9 -2.154004e+20
109.0 -2.151888e+20
109.1 -2.149776e+20
109.2 -2.147667e+20
109.3 -2.145561e+20
109.4 -2.143459e+20
109.5 -2.141361e+20
109.6 -2.139266e+20
109.7 -2.137175e+20
109.8 -2.135088e+20
109.9 -2.133004e+20
110.0 -2.130923e+20
110.1 -2.128846e+20
110.2 -2.126773e+20
110.3 -2.124703e+20
110.4 -2.122637e+20
110.5 -2.120574e+20
110.6 -2.118514e+20
110.7 -2.116458e+20
110.8 -2.114406e+20
110.9 -2.112357e+20
111.0 -2.110311e+20
111.1 -2.108269e+20
111.2 -2.106230e+20
111.3 -2.104195e+20
111.4 -2.102163e+20
111.5 -2.100134e+20
111.6 -2.098109e+20
111.7 -2.096088e+20
111.8 -2.094069e+20
111.9 -2.092054e+20
112.0 -2.090043e+20
112.1 -2.088035e+20
112.2 -2.086030e+20
112.3 -2.084028e+20
112.4 -2.082030e+20
112.5 -2.080035e+20
112.6 -2.078043e+20
112.7 -2.076055e+20
112.8 -2.074070e+20
112.9 -2.072088e+20
113.0 -2.070110e+20
113.1 -2.068135e+20
113.2 -2.066163e+20
113.3 -2.064194e+20
113.4 -2.062229e+20
113.5 -2.060267e+20
113.6 -2.058308e+20
113.7 -2.056352e+20
113.8 -2.054400e+20
113.9 -2.052451e+20
114.0 -2.050505e+20
114.1 -2.048562e+20
114.2 -2.046622e+20
114.3 -2.044686e+20
114.4 -2.042753e+20
114.5 -2.040823e+20
114.6 -2.038896e+20
114.7 -2.036972e+20
114.8 -2.035051e+20
114.9 -2.033134e+20
115.0 -2.031220e+20
115.1 -2.029308e+20
115.2 -2.027400e+20
115.3 -2.025495e+20
115.4 -2.023593e+20
115.5 -2.021695e+20
115.6 -2.019799e+20
115.7 -2.017906e+20
115.8 -2.016017e+20
115.9 -2.014130e+20
116.0 -2.012247e+20
116.1 -2.010366e+20
116.2 -2.008489e+20
116.3 -2.006615e+20
116.4 -2.004743e+20
116.5 -2.002875e+20
116.6 -2.001010e+20
116.7 -1.999147e+20
116.8 -1.997288e+20
116.9 -1.995432e+20
117.0 -1.993579e+20
117.1 -1.991728e+20
117.2 -1.989881e+20
117.3 -1.988037e+20
117.4 -1.986195e+20
117.5 -1.984357e+20
117.6 -1.982521e+20
117.7 -1.980689e+20
117.8 -1.978859e+20
117.9 -1.977032e+20
118.0 -1.975209e+20
118.1 -1.973388e+20
118.2 -1.971570e+20
118.3 -1.969755e+20
118.4 -1.967943e+20
118.5 -1.966133e+20
118.6 -1.964327e+20
118.7 -1.962523e+20
118.8 -1.960723e+20
118.9 -1.958925e+20
119.0 -1.957130e+20
119.1 -1.955338e+20
119.2 -1.953548e+20
119.3 -1.951762e+20
119.4 -1.949978e+20
119.5 -1.948198e+20
119.6 -1.946420e+20
119.7 -1.944644e+20
119.8 -1.942872e+20
119.9 -1.941102e+20
120.0 -1.939336e+20
120.1 -1.937572e+20
120.2 -1.935810e+20
120.3 -1.934052e+20
120.4 -1.932296e+20
120.5 -1.930543e+20
120.6 -1.928793e+20
120.7 -1.927045e+20
120.8 -1.925301e+20
120.9 -1.923559e+20
121.0 -1.921819e+20
121.1 -1.920083e+20
121.2 -1.918349e+20
121.3 -1.916618e+20
121.4 -1.914889e+20
121.5 -1.913163e+20
121.6 -1.911440e+20
121.7 -1.909720e+20
121.8 -1.908002e+20
121.9 -1.906287e+20
122.0 -1.904575e+20
122.1 -1.902865e+20
122.2 -1.901158e+20
122.3 -1.899453e+20
122.4 -1.897752e+20
122.5 -1.896053e+20
122.6 -1.894356e+20
122.7 -1.892662e+20
122.8 -1.890971e+20
122.9 -1.889282e+20
123.0 -1.887596e+20
123.1 -1.885913e+20
123.2 -1.884232e+20
123.3 -1.882553e+20
123.4 -1.880878e+20
123.5 -1.879204e+20
123.6 -1.877534e+20
123.7 -1.875866e+20
123.8 -1.874200e+20
123.9 -1.872537e+20
124.0 -1.870877e+20
124.1 -1.869219e+20
124.2 -1.867564e+20
124.3 -1.865911e+20
124.4 -1.864261e+20
124.5 -1.862613e+20
124.6 -1.860968e+20
124.7 -1.859325e+20
124.8 -1.857685e+20
124.9 -1.856047e+20
125.0 -1.854412e+20
125.1 -1.852780e+20
125.2 -1.851149e+20
125.3 -1.849522e+20
125.4 -1.847896e+20
125.5 -1.846273e+20
125.6 -1.844653e+20
125.7 -1.843035e+20
125.8 -1.841420e+20
125.9 -1.839807e+20
126.0 -1.838196e+20
126.1 -1.836588e+20
126.2 -1.834982e+20
126.3 -1.833379e+20
126.4 -1.831778e+20
126.5 -1.830180e+20
126.6 -1.828583e+20
126.7 -1.826990e+20
126.8 -1.825398e+20
126.9 -1.823810e+20
127.0 -1.822223e+20
127.1 -1.820639e+20
127.2 -1.819057e+20
127.3 -1.817478e+20
127.4 -1.815901e+20
127.5 -1.814326e+20
127.6 -1.812754e+20
127.7 -1.811184e+20
127.8 -1.809616e+20
127.9 -1.808051e+20
128.0 -1.806488e+20
128.1 -1.804927e+20
128.2 -1.803369e+20
128.3 -1.801813e+20
128.4 -1.800259e+20
128.5 -1.798708e+20
128.6 -1.797159e+20
128.7 -1.795612e+20
128.8 -1.794068e+20
128.9 -1.792526e+20
129.0 -1.790986e+20
129.1 -1.789448e+20
129.2 -1.787913e+20
129.3 -1.786380e+20
129.4 -1.784849e+20
129.5 -1.783321e+20
129.6 -1.781794e+20
129.7 -1.780270e+20
129.8 -1.778748e+20
129.9 -1.777229e+20
130.0 -1.775712e+20
130.1 -1.774196e+20
130.2 -1.772684e+20
130.3 -1.771173e+20
130.4 -1.769665e+20
130.5 -1.768158e+20
130.6 -1.766654e+20
130.7 -1.765153e+20
130.8 -1.763653e+20
130.9 -1.762156e+20
131.0 -1.760660e+20
131.1 -1.759167e+20
131.2 -1.757677e+20
131.3 -1.756188e+20
131.4 -1.754701e+20
131.5 -1.753217e+20
131.6 -1.751735e+20
131.7 -1.750255e+20
131.8 -1.748777e+20
131.9 -1.747301e+20
132.0 -1.745828e+20
132.1 -1.744356e+20
132.2 -1.742887e+20
132.3 -1.741420e+20
132.4 -1.739955e+20
132.5 -1.738492e+20
132.6 -1.737031e+20
132.7 -1.735572e+20
132.8 -1.734116e+20
132.9 -1.732661e+20
133.0 -1.731209e+20
133.1 -1.729759e+20
133.2 -1.728310e+20
133.3 -1.726864e+20
133.4 -1.725420e+20
133.5 -1.723978e+20
133.6 -1.722538e+20
133.7 -1.721101e+20
133.8 -1.719665e+20
133.9 -1.718231e+20
134.0 -1.716800e+20
134.1 -1.715370e+20
134.2 -1.713942e+20
134.3 -1.712517e+20
134.4 -1.711093e+20
134.5 -1.709672e+20
134.6 -1.708253e+20
134.7 -1.706835e+20
134.8 -1.705420e+20
134.9 -1.704007e+20
135.0 -1.702595e+20
135.1 -1.701186e+20
135.2 -1.699779e+20
135.3 -1.698373e+20
135.4 -1.696970e+20
135.5 -1.695569e+20
135.6 -1.694170e+20
135.7 -1.692772e+20
135.8 -1.691377e+20
135.9 -1.689983e+20
136.0 -1.688592e+20
136.1 -1.687203e+20
136.2 -1.685815e+20
136.3 -1.684430e+20
136.4 -1.683046e+20
136.5 -1.681665e+20
136.6 -1.680285e+20
136.7 -1.678907e+20
136.8 -1.677532e+20
136.9 -1.676158e+20
137.0 -1.674786e+20
137.1 -1.673416e+20
137.2 -1.672048e+20
137.3 -1.670682e+20
137.4 -1.669318e+20
137.5 -1.667955e+20
137.6 -1.666595e+20
137.7 -1.665236e+20
137.8 -1.663880e+20
137.9 -1.662525e+20
138.0 -1.661172e+20
138.1 -1.659822e+20
138.2 -1.658473e+20
138.3 -1.657125e+20
138.4 -1.655780e+20
138.5 -1.654437e+20
138.6 -1.653095e+20
138.7 -1.651756e+20
138.8 -1.650418e+20
138.9 -1.649082e+20
139.0 -1.647748e+20
139.1 -1.646416e+20
139.2 -1.645086e+20
139.3 -1.643757e+20
139.4 -1.642431e+20
139.5 -1.641106e+20
139.6 -1.639783e+20
139.7 -1.638462e+20
139.8 -1.637142e+20
139.9 -1.635825e+20
140.0 -1.634509e+20
140.1 -1.633195e+20
140.2 -1.631883e+20
140.3 -1.630573e+20
140.4 -1.629265e+20
140.5 -1.627958e+20
140.6 -1.626653e+20
140.7 -1.625350e+20
140.8 -1.624049e+20
140.9 -1.622750e+20
141.0 -1.621452e+20
141.1 -1.620156e+20
141.2 -1.618862e+20
141.3 -1.617570e+20
141.4 -1.616279e+20
141.5 -1.614990e+20
141.6 -1.613703e+20
141.7 -1.612418e+20
141.8 -1.611134e+20
141.9 -1.609853e+20
142.0 -1.608573e+20
142.1 -1.607294e+20
142.2 -1.606018e+20
142.3 -1.604743e+20
142.4 -1.603470e+20
142.5 -1.602199e+20
142.6 -1.600929e+20
142.7 -1.599661e+20
142.8 -1.598395e+20
142.9 -1.597131e+20
143.0 -1.595868e+20
143.1 -1.594607e+20
143.2 -1.593348e+20
143.3 -1.592090e+20
143.4 -1.590834e+20
143.5 -1.589580e+20
143.6 -1.588328e+20
143.7 -1.587077e+20
143.8 -1.585828e+20
143.9 -1.584580e+20
144.0 -1.583335e+20
144.1 -1.582091e+20
144.2 -1.580848e+20
144.3 -1.579608e+20
144.4 -1.578369e+20
144.5 -1.577131e+20
144.6 -1.575895e+20
144.7 -1.574661e+20
144.8 -1.573429e+20
144.9 -1.572198e+20
145.0 -1.570969e+20
145.1 -1.569742e+20
145.2 -1.568516e+20
145.3 -1.567292e+20
145.4 -1.566069e+20
145.5 -1.564848e+20
145.6 -1.563629e+20
145.7 -1.562412e+20
145.8 -1.561196e+20
145.9 -1.559981e+20
146.0 -1.558769e+20
146.1 -1.557557e+20
146.2 -1.556348e+20
146.3 -1.555140e+20
146.4 -1.553934e+20
146.5 -1.552729e+20
146.6 -1.551526e+20
146.7 -1.550324e+20
146.8 -1.549124e+20
146.9 -1.547926e+20
147.0 -1.546729e+20
147.1 -1.545534e+20
147.2 -1.544341e+20
147.3 -1.543149e+20
147.4 -1.541958e+20
147.5 -1.540769e+20
147.6 -1.539582e+20
147.7 -1.538396e+20
147.8 -1.537212e+20
147.9 -1.536030e+20
148.0 -1.534849e+20
148.1 -1.533669e+20
148.2 -1.532491e+20
148.3 -1.531315e+20
148.4 -1.530140e+20
148.5 -1.528967e+20
148.6 -1.527795e+20
148.7 -1.526625e+20
148.8 -1.525456e+20
148.9 -1.524289e+20
149.0 -1.523124e+20
149.1 -1.521960e+20
149.2 -1.520797e+20
149.3 -1.519636e+20
149.4 -1.518476e+20
149.5 -1.517318e+20
149.6 -1.516162e+20
149.7 -1.515007e+20
149.8 -1.513854e+20
149.9 -1.512702e+20
150.0 -1.511551e+20
150.1 -1.510402e+20
150.2 -1.509255e+20
150.3 -1.508109e+20
150.4 -1.506964e+20
150.5 -1.505821e+20
150.6 -1.504680e+20
150.7 -1.503540e+20
150.8 -1.502401e+20
150.9 -1.501264e+20
151.0 -1.500128e+20
151.1 -1.498994e+20
151.2 -1.497862e+20
151.3 -1.496730e+20
151.4 -1.495601e+20
151.5 -1.494472e+20
151.6 -1.493346e+20
151.7 -1.492220e+20
151.8 -1.491096e+20
151.9 -1.489974e+20
152.0 -1.488853e+20
152.1 -1.487733e+20
152.2 -1.486615e+20
152.3 -1.485498e+20
152.4 -1.484383e+20
152.5 -1.483269e+20
152.6 -1.482157e+20
152.7 -1.481046e+20
152.8 -1.479936e+20
152.9 -1.478828e+20
153.0 -1.477721e+20
153.1 -1.476616e+20
153.2 -1.475512e+20
153.3 -1.474410e+20
153.4 -1.473309e+20
153.5 -1.472209e+20
153.6 -1.471111e+20
153.7 -1.470014e+20
153.8 -1.468918e+20
153.9 -1.467824e+20
154.0 -1.466732e+20
154.1 -1.465640e+20
154.2 -1.464551e+20
154.3 -1.463462e+20
154.4 -1.462375e+20
154.5 -1.461289e+20
154.6 -1.460205e+20
154.7 -1.459122e+20
154.8 -1.458040e+20
154.9 -1.456960e+20
155.0 -1.455881e+20
155.1 -1.454804e+20
155.2 -1.453728e+20
155.3 -1.452653e+20
155.4 -1.451579e+20
155.5 -1.450507e+20
155.6 -1.449437e+20
155.7 -1.448367e+20
155.8 -1.447299e+20
155.9 -1.446233e+20
156.0 -1.445167e+20
156.1 -1.444103e+20
156.2 -1.443041e+20
156.3 -1.441979e+20
156.4 -1.440919e+20
156.5 -1.439861e+20
156.6 -1.438803e+20
156.7 -1.437747e+20
156.8 -1.436693e+20
156.9 -1.435639e+20
157.0 -1.434587e+20
157.1 -1.433537e+20
157.2 -1.432487e+20
157.3 -1.431439e+20
157.4 -1.430392e+20
157.5 -1.429347e+20
157.6 -1.428303e+20
157.7 -1.427260e+20
157.8 -1.426218e+20
157.9 -1.425178e+20
158.0 -1.424139e+20
158.1 -1.423102e+20
158.2 -1.422065e+20
158.3 -1.421030e+20
158.4 -1.419996e+20
158.5 -1.418964e+20
158.6 -1.417933e+20
158.7 -1.416903e+20
158.8 -1.415874e+20
158.9 -1.414847e+20
159.0 -1.413821e+20
159.1 -1.412796e+20
159.2 -1.411772e+20
159.3 -1.410750e+20
159.4 -1.409729e+20
159.5 -1.408709e+20
159.6 -1.407691e+20
159.7 -1.406673e+20
159.8 -1.405657e+20
159.9 -1.404643e+20
160.0 -1.403629e+20
160.1 -1.402617e+20
160.2 -1.401606e+20
160.3 -1.400596e+20
160.4 -1.399588e+20
160.5 -1.398580e+20
160.6 -1.397574e+20
160.7 -1.396569e+20
160.8 -1.395566e+20
160.9 -1.394564e+20
161.0 -1.393562e+20
161.1 -1.392563e+20
161.2 -1.391564e+20
161.3 -1.390566e+20
161.4 -1.389570e+20
161.5 -1.388575e+20
161.6 -1.387581e+20
161.7 -1.386589e+20
161.8 -1.385598e+20
161.9 -1.384607e+20
162.0 -1.383618e+20
162.1 -1.382631e+20
162.2 -1.381644e+20
162.3 -1.380659e+20
162.4 -1.379675e+20
162.5 -1.378692e+20
162.6 -1.377710e+20
162.7 -1.376730e+20
162.8 -1.375750e+20
162.9 -1.374772e+20
163.0 -1.373795e+20
163.1 -1.372819e+20
163.2 -1.371845e+20
163.3 -1.370871e+20
163.4 -1.369899e+20
163.5 -1.368928e+20
163.6 -1.367958e+20
163.7 -1.366989e+20
163.8 -1.366022e+20
163.9 -1.365055e+20
164.0 -1.364090e+20
164.1 -1.363126e+20
164.2 -1.362163e+20
164.3 -1.361201e+20
164.4 -1.360241e+20
164.5 -1.359281e+20
164.6 -1.358323e+20
164.7 -1.357366e+20
164.8 -1.356410e+20
164.9 -1.355455e+20
165.0 -1.354502e+20
165.1 -1.353549e+20
165.2 -1.352598e+20
165.3 -1.351648e+20
165.4 -1.350698e+20
165.5 -1.349751e+20
165.6 -1.348804e+20
165.7 -1.347858e+20
165.8 -1.346913e+20
165.9 -1.345970e+20
166.0 -1.345028e+20
166.1 -1.344087e+20
166.2 -1.343146e+20
166.3 -1.342208e+20
166.4 -1.341270e+20
166.5 -1.340333e+20
166.6 -1.339397e+20
166.7 -1.338463e+20
166.8 -1.337530e+20
166.9 -1.336597e+20
167.0 -1.335666e+20
167.1 -1.334736e+20
167.2 -1.333807e+20
167.3 -1.332879e+20
167.4 -1.331953e+20
167.5 -1.331027e+20
167.6 -1.330103e+20
167.7 -1.329179e+20
167.8 -1.328257e+20
167.9 -1.327336e+20
168.0 -1.326415e+20
168.1 -1.325496e+20
168.2 -1.324578e+20
168.3 -1.323661e+20
168.4 -1.322746e+20
168.5 -1.321831e+20
168.6 -1.320917e+20
168.7 -1.320005e+20
168.8 -1.319093e+20
168.9 -1.318183e+20
169.0 -1.317273e+20
169.1 -1.316365e+20
169.2 -1.315458e+20
169.3 -1.314552e+20
169.4 -1.313646e+20
169.5 -1.312742e+20
169.6 -1.311839e+20
169.7 -1.310938e+20
169.8 -1.310037e+20
169.9 -1.309137e+20
170.0 -1.308238e+20
170.1 -1.307340e+20
170.2 -1.306444e+20
170.3 -1.305548e+20
170.4 -1.304654e+20
170.5 -1.303760e+20
170.6 -1.302868e+20
170.7 -1.301976e+20
170.8 -1.301086e+20
170.9 -1.300196e+20
171.0 -1.299308e+20
171.1 -1.298421e+20
171.2 -1.297535e+20
171.3 -1.296649e+20
171.4 -1.295765e+20
171.5 -1.294882e+20
171.6 -1.294000e+20
171.7 -1.293119e+20
171.8 -1.292239e+20
171.9 -1.291360e+20
172.0 -1.290481e+20
172.1 -1.289604e+20
172.2 -1.288728e+20
172.3 -1.287853e+20
172.4 -1.286979e+20
172.5 -1.286106e+20
172.6 -1.285234e+20
172.7 -1.284363e+20
172.8 -1.283494e+20
172.9 -1.282625e+20
173.0 -1.281757e+20
173.1 -1.280890e+20
173.2 -1.280024e+20
173.3 -1.279159e+20
173.4 -1.278295e+20
173.5 -1.277432e+20
173.6 -1.276570e+20
173.7 -1.275709e+20
173.8 -1.274849e+20
173.9 -1.273990e+20
174.0 -1.273132e+20
174.1 -1.272275e+20
174.2 -1.271419e+20
174.3 -1.270564e+20
174.4 -1.269709e+20
174.5 -1.268856e+20
174.6 -1.268004e+20
174.7 -1.267153e+20
174.8 -1.266303e+20
174.9 -1.265454e+20
175.0 -1.264605e+20
175.1 -1.263758e+20
175.2 -1.262912e+20
175.3 -1.262066e+20
175.4 -1.261222e+20
175.5 -1.260378e+20
175.6 -1.259536e+20
175.7 -1.258694e+20
175.8 -1.257854e+20
175.9 -1.257014e+20
176.0 -1.256176e+20
176.1 -1.255338e+20
176.2 -1.254501e+20
176.3 -1.253665e+20
176.4 -1.252831e+20
176.5 -1.251997e+20
176.6 -1.251164e+20
176.7 -1.250332e+20
176.8 -1.249501e+20
176.9 -1.248670e+20
177.0 -1.247841e+20
177.1 -1.247013e+20
177.2 -1.246186e+20
177.3 -1.245359e+20
177.4 -1.244534e+20
177.5 -1.243709e+20
177.6 -1.242886e+20
177.7 -1.242063e+20
177.8 -1.241241e+20
177.9 -1.240420e+20
178.0 -1.239601e+20
178.1 -1.238782e+20
178.2 -1.237964e+20
178.3 -1.237146e+20
178.4 -1.236330e+20
178.5 -1.235515e+20
178.6 -1.234701e+20
178.7 -1.233887e+20
178.8 -1.233074e+20
178.9 -1.232263e+20
179.0 -1.231452e+20
179.1 -1.230642e+20
179.2 -1.229833e+20
179.3 -1.229025e+20
179.4 -1.228218e+20
179.5 -1.227412e+20
179.6 -1.226607e+20
179.7 -1.225802e+20
179.8 -1.224999e+20
179.9 -1.224196e+20
180.0 -1.223394e+20
180.1 -1.222594e+20
180.2 -1.221794e+20
180.3 -1.220995e+20
180.4 -1.220196e+20
180.5 -1.219399e+20
180.6 -1.218603e+20
180.7 -1.217807e+20
180.8 -1.217013e+20
180.9 -1.216219e+20
181.0 -1.215426e+20
181.1 -1.214634e+20
181.2 -1.213843e+20
181.3 -1.213053e+20
181.4 -1.212263e+20
181.5 -1.211475e+20
181.6 -1.210687e+20
181.7 -1.209901e+20
181.8 -1.209115e+20
181.9 -1.208330e+20
182.0 -1.207546e+20
182.1 -1.206762e+20
182.2 -1.205980e+20
182.3 -1.205198e+20
182.4 -1.204418e+20
182.5 -1.203638e+20
182.6 -1.202859e+20
182.7 -1.202081e+20
182.8 -1.201304e+20
182.9 -1.200527e+20
183.0 -1.199752e+20
183.1 -1.198977e+20
183.2 -1.198203e+20
183.3 -1.197430e+20
183.4 -1.196658e+20
183.5 -1.195887e+20
183.6 -1.195116e+20
183.7 -1.194347e+20
183.8 -1.193578e+20
183.9 -1.192810e+20
184.0 -1.192043e+20
184.1 -1.191277e+20
184.2 -1.190511e+20
184.3 -1.189747e+20
184.4 -1.188983e+20
184.5 -1.188220e+20
184.6 -1.187458e+20
184.7 -1.186697e+20
184.8 -1.185936e+20
184.9 -1.185177e+20
185.0 -1.184418e+20
185.1 -1.183660e+20
185.2 -1.182903e+20
185.3 -1.182147e+20
185.4 -1.181391e+20
185.5 -1.180636e+20
185.6 -1.179883e+20
185.7 -1.179130e+20
185.8 -1.178377e+20
185.9 -1.177626e+20
186.0 -1.176876e+20
186.1 -1.176126e+20
186.2 -1.175377e+20
186.3 -1.174629e+20
186.4 -1.173881e+20
186.5 -1.173135e+20
186.6 -1.172389e+20
186.7 -1.171644e+20
186.8 -1.170900e+20
186.9 -1.170157e+20
187.0 -1.169414e+20
187.1 -1.168673e+20
187.2 -1.167932e+20
187.3 -1.167192e+20
187.4 -1.166453e+20
187.5 -1.165714e+20
187.6 -1.164976e+20
187.7 -1.164239e+20
187.8 -1.163503e+20
187.9 -1.162768e+20
188.0 -1.162033e+20
188.1 -1.161300e+20
188.2 -1.160567e+20
188.3 -1.159835e+20
188.4 -1.159103e+20
188.5 -1.158373e+20
188.6 -1.157643e+20
188.7 -1.156914e+20
188.8 -1.156185e+20
188.9 -1.155458e+20
189.0 -1.154731e+20
189.1 -1.154005e+20
189.2 -1.153280e+20
189.3 -1.152556e+20
189.4 -1.151832e+20
189.5 -1.151109e+20
189.6 -1.150387e+20
189.7 -1.149666e+20
189.8 -1.148945e+20
189.9 -1.148226e+20
190.0 -1.147507e+20
190.1 -1.146788e+20
190.2 -1.146071e+20
190.3 -1.145354e+20
190.4 -1.144638e+20
190.5 -1.143923e+20
190.6 -1.143209e+20
190.7 -1.142495e+20
190.8 -1.141782e+20
190.9 -1.141070e+20
191.0 -1.140359e+20
191.1 -1.139648e+20
191.2 -1.138938e+20
191.3 -1.138229e+20
191.4 -1.137521e+20
191.5 -1.136813e+20
191.6 -1.136106e+20
191.7 -1.135400e+20
191.8 -1.134694e+20
191.9 -1.133990e+20
192.0 -1.133286e+20
192.1 -1.132583e+20
192.2 -1.131880e+20
192.3 -1.131178e+20
192.4 -1.130478e+20
192.5 -1.129777e+20
192.6 -1.129078e+20
192.7 -1.128379e+20
192.8 -1.127681e+20
192.9 -1.126984e+20
193.0 -1.126287e+20
193.1 -1.125591e+20
193.2 -1.124896e+20
193.3 -1.124202e+20
193.4 -1.123508e+20
193.5 -1.122815e+20
193.6 -1.122123e+20
193.7 -1.121432e+20
193.8 -1.120741e+20
193.9 -1.120051e+20
194.0 -1.119362e+20
194.1 -1.118673e+20
194.2 -1.117985e+20
194.3 -1.117298e+20
194.4 -1.116612e+20
194.5 -1.115926e+20
194.6 -1.115241e+20
194.7 -1.114557e+20
194.8 -1.113873e+20
194.9 -1.113190e+20
195.0 -1.112508e+20
195.1 -1.111827e+20
195.2 -1.111146e+20
195.3 -1.110466e+20
195.4 -1.109787e+20
195.5 -1.109108e+20
195.6 -1.108430e+20
195.7 -1.107753e+20
195.8 -1.107076e+20
195.9 -1.106401e+20
196.0 -1.105726e+20
196.1 -1.105051e+20
196.2 -1.104378e+20
196.3 -1.103705e+20
196.4 -1.103032e+20
196.5 -1.102361e+20
196.6 -1.101690e+20
196.7 -1.101019e+20
196.8 -1.100350e+20
196.9 -1.099681e+20
197.0 -1.099013e+20
197.1 -1.098345e+20
197.2 -1.097679e+20
197.3 -1.097013e+20
197.4 -1.096347e+20
197.5 -1.095682e+20
197.6 -1.095018e+20
197.7 -1.094355e+20
197.8 -1.093692e+20
197.9 -1.093030e+20
198.0 -1.092369e+20
198.1 -1.091708e+20
198.2 -1.091049e+20
198.3 -1.090389e+20
198.4 -1.089731e+20
198.5 -1.089073e+20
198.6 -1.088415e+20
198.7 -1.087759e+20
198.8 -1.087103e+20
198.9 -1.086448e+20
199.0 -1.085793e+20
199.1 -1.085139e+20
199.2 -1.084486e+20
199.3 -1.083833e+20
199.4 -1.083182e+20
199.5 -1.082530e+20
199.6 -1.081880e+20
199.7 -1.081230e+20
199.8 -1.080581e+20
199.9 -1.079932e+20
200.0 -1.079284e+20
200.1 -1.078637e+20
200.2 -1.077990e+20
200.3 -1.077344e+20
200.4 -1.076699e+20
200.5 -1.076054e+20
200.6 -1.075410e+20
200.7 -1.074767e+20
200.8 -1.074124e+20
200.9 -1.073482e+20
201.0 -1.072841e+20
201.1 -1.072200e+20
201.2 -1.071560e+20
201.3 -1.070921e+20
201.4 -1.070282e+20
201.5 -1.069644e+20
201.6 -1.069006e+20
201.7 -1.068370e+20
201.8 -1.067733e+20
201.9 -1.067098e+20
202.0 -1.066463e+20
202.1 -1.065829e+20
202.2 -1.065195e+20
202.3 -1.064562e+20
202.4 -1.063930e+20
202.5 -1.063298e+20
202.6 -1.062667e+20
202.7 -1.062036e+20
202.8 -1.061406e+20
202.9 -1.060777e+20
203.0 -1.060149e+20
203.1 -1.059521e+20
203.2 -1.058894e+20
203.3 -1.058267e+20
203.4 -1.057641e+20
203.5 -1.057015e+20
203.6 -1.056391e+20
203.7 -1.055766e+20
203.8 -1.055143e+20
203.9 -1.054520e+20
204.0 -1.053898e+20
204.1 -1.053276e+20
204.2 -1.052655e+20
204.3 -1.052035e+20
204.4 -1.051415e+20
204.5 -1.050796e+20
204.6 -1.050177e+20
204.7 -1.049559e+20
204.8 -1.048942e+20
204.9 -1.048325e+20
205.0 -1.047709e+20
205.1 -1.047094e+20
205.2 -1.046479e+20
205.3 -1.045864e+20
205.4 -1.045251e+20
205.5 -1.044638e+20
205.6 -1.044025e+20
205.7 -1.043413e+20
205.8 -1.042802e+20
205.9 -1.042192e+20
206.0 -1.041582e+20
206.1 -1.040972e+20
206.2 -1.040363e+20
206.3 -1.039755e+20
206.4 -1.039148e+20
206.5 -1.038541e+20
206.6 -1.037934e+20
206.7 -1.037329e+20
206.8 -1.036723e+20
206.9 -1.036119e+20
207.0 -1.035515e+20
207.1 -1.034911e+20
207.2 -1.034309e+20
207.3 -1.033706e+20
207.4 -1.033105e+20
207.5 -1.032504e+20
207.6 -1.031903e+20
207.7 -1.031304e+20
207.8 -1.030704e+20
207.9 -1.030106e+20
208.0 -1.029508e+20
208.1 -1.028910e+20
208.2 -1.028313e+20
208.3 -1.027717e+20
208.4 -1.027121e+20
208.5 -1.026526e+20
208.6 -1.025932e+20
208.7 -1.025338e+20
208.8 -1.024744e+20
208.9 -1.024151e+20
209.0 -1.023559e+20
209.1 -1.022968e+20
209.2 -1.022377e+20
209.3 -1.021786e+20
209.4 -1.021196e+20
209.5 -1.020607e+20
209.6 -1.020018e+20
209.7 -1.019430e+20
209.8 -1.018842e+20
209.9 -1.018255e+20
210.0 -1.017669e+20
210.1 -1.017083e+20
210.2 -1.016498e+20
210.3 -1.015913e+20
210.4 -1.015329e+20
210.5 -1.014745e+20
210.6 -1.014162e+20
210.7 -1.013580e+20
210.8 -1.012998e+20
210.9 -1.012416e+20
211.0 -1.011836e+20
211.1 -1.011255e+20
211.2 -1.010676e+20
211.3 -1.010097e+20
211.4 -1.009518e+20
211.5 -1.008940e+20
211.6 -1.008363e+20
211.7 -1.007786e+20
211.8 -1.007210e+20
211.9 -1.006634e+20
212.0 -1.006059e+20
212.1 -1.005484e+20
212.2 -1.004910e+20
212.3 -1.004337e+20
212.4 -1.003764e+20
212.5 -1.003191e+20
212.6 -1.002620e+20
212.7 -1.002048e+20
212.8 -1.001478e+20
212.9 -1.000907e+20
213.0 -1.000338e+20
213.1 -9.997687e+19
213.2 -9.992002e+19
213.3 -9.986322e+19
213.4 -9.980648e+19
213.5 -9.974979e+19
213.6 -9.969315e+19
213.7 -9.963657e+19
213.8 -9.958005e+19
213.9 -9.952358e+19
214.0 -9.946716e+19
214.1 -9.941080e+19
214.2 -9.935449e+19
214.3 -9.929823e+19
214.4 -9.924203e+19
214.5 -9.918588e+19
214.6 -9.912979e+19
214.7 -9.907375e+19
214.8 -9.901776e+19
214.9 -9.896183e+19
215.0 -9.890595e+19
215.1 -9.885012e+19
215.2 -9.879435e+19
215.3 -9.873863e+19
215.4 -9.868297e+19
215.5 -9.862735e+19
215.6 -9.857179e+19
215.7 -9.851629e+19
215.8 -9.846083e+19
215.9 -9.840543e+19
216.0 -9.835008e+19
216.1 -9.829479e+19
216.2 -9.823954e+19
216.3 -9.818435e+19
216.4 -9.812922e+19
216.5 -9.807413e+19
216.6 -9.801910e+19
216.7 -9.796412e+19
216.8 -9.790919e+19
216.9 -9.785431e+19
217.0 -9.779948e+19
217.1 -9.774471e+19
217.2 -9.768999e+19
217.3 -9.763532e+19
217.4 -9.758070e+19
217.5 -9.752614e+19
217.6 -9.747163e+19
217.7 -9.741716e+19
217.8 -9.736275e+19
217.9 -9.730839e+19
218.0 -9.725408e+19
218.1 -9.719983e+19
218.2 -9.714562e+19
218.3 -9.709147e+19
218.4 -9.703736e+19
218.5 -9.698331e+19
218.6 -9.692931e+19
218.7 -9.687536e+19
218.8 -9.682146e+19
218.9 -9.676761e+19
219.0 -9.671381e+19
219.1 -9.666007e+19
219.2 -9.660637e+19
219.3 -9.655272e+19
219.4 -9.649913e+19
219.5 -9.644558e+19
219.6 -9.639208e+19
219.7 -9.633864e+19
219.8 -9.628524e+19
219.9 -9.623190e+19
220.0 -9.617860e+19
220.1 -9.612536e+19
220.2 -9.607216e+19
220.3 -9.601902e+19
220.4 -9.596592e+19
220.5 -9.591287e+19
220.6 -9.585988e+19
220.7 -9.580693e+19
220.8 -9.575403e+19
220.9 -9.570118e+19
221.0 -9.564839e+19
221.1 -9.559564e+19
221.2 -9.554294e+19
221.3 -9.549028e+19
221.4 -9.543768e+19
221.5 -9.538513e+19
221.6 -9.533262e+19
221.7 -9.528017e+19
221.8 -9.522776e+19
221.9 -9.517540e+19
222.0 -9.512310e+19
222.1 -9.507083e+19
222.2 -9.501862e+19
222.3 -9.496646e+19
222.4 -9.491434e+19
222.5 -9.486228e+19
222.6 -9.481026e+19
222.7 -9.475829e+19
222.8 -9.470637e+19
222.9 -9.465449e+19
223.0 -9.460267e+19
223.1 -9.455089e+19
223.2 -9.449916e+19
223.3 -9.444748e+19
223.4 -9.439584e+19
223.5 -9.434426e+19
223.6 -9.429272e+19
223.7 -9.424123e+19
223.8 -9.418978e+19
223.9 -9.413839e+19
224.0 -9.408704e+19
224.1 -9.403574e+19
224.2 -9.398448e+19
224.3 -9.393328e+19
224.4 -9.388212e+19
224.5 -9.383101e+19
224.6 -9.377994e+19
224.7 -9.372892e+19
224.8 -9.367795e+19
224.9 -9.362703e+19
225.0 -9.357615e+19
225.1 -9.352532e+19
225.2 -9.347453e+19
225.3 -9.342379e+19
225.4 -9.337310e+19
225.5 -9.332246e+19
225.6 -9.327186e+19
225.7 -9.322131e+19
225.8 -9.317080e+19
225.9 -9.312034e+19
226.0 -9.306993e+19
226.1 -9.301956e+19
226.2 -9.296924e+19
226.3 -9.291897e+19
226.4 -9.286874e+19
226.5 -9.281856e+19
226.6 -9.276842e+19
226.7 -9.271833e+19
226.8 -9.266828e+19
226.9 -9.261828e+19
227.0 -9.256833e+19
227.1 -9.251842e+19
227.2 -9.246855e+19
227.3 -9.241874e+19
227.4 -9.236896e+19
227.5 -9.231924e+19
227.6 -9.226956e+19
227.7 -9.221992e+19
227.8 -9.217033e+19
227.9 -9.212078e+19
228.0 -9.207128e+19
228.1 -9.202182e+19
228.2 -9.197241e+19
228.3 -9.192304e+19
228.4 -9.187372e+19
228.5 -9.182444e+19
228.6 -9.177521e+19
228.7 -9.172602e+19
228.8 -9.167688e+19
228.9 -9.162778e+19
229.0 -9.157873e+19
229.1 -9.152972e+19
229.2 -9.148075e+19
229.3 -9.143183e+19
229.4 -9.138295e+19
229.5 -9.133412e+19
229.6 -9.128533e+19
229.7 -9.123659e+19
229.8 -9.118788e+19
229.9 -9.113923e+19
230.0 -9.109061e+19
230.1 -9.104204e+19
230.2 -9.099352e+19
230.3 -9.094504e+19
230.4 -9.089660e+19
230.5 -9.084820e+19
230.6 -9.079985e+19
230.7 -9.075155e+19
230.8 -9.070328e+19
230.9 -9.065506e+19
231.0 -9.060688e+19
231.1 -9.055875e+19
231.2 -9.051066e+19
231.3 -9.046261e+19
231.4 -9.041461e+19
231.5 -9.036664e+19
231.6 -9.031872e+19
231.7 -9.027085e+19
231.8 -9.022302e+19
231.9 -9.017523e+19
232.0 -9.012748e+19
232.1 -9.007977e+19
232.2 -9.003211e+19
232.3 -8.998449e+19
232.4 -8.993692e+19
232.5 -8.988938e+19
232.6 -8.984189e+19
232.7 -8.979444e+19
232.8 -8.974703e+19
232.9 -8.969967e+19
233.0 -8.965235e+19
233.1 -8.960507e+19
233.2 -8.955783e+19
233.3 -8.951063e+19
233.4 -8.946348e+19
233.5 -8.941637e+19
233.6 -8.936929e+19
233.7 -8.932227e+19
233.8 -8.927528e+19
233.9 -8.922834e+19
234.0 -8.918143e+19
234.1 -8.913457e+19
234.2 -8.908775e+19
234.3 -8.904097e+19
234.4 -8.899424e+19
234.5 -8.894754e+19
234.6 -8.890089e+19
234.7 -8.885427e+19
234.8 -8.880770e+19
234.9 -8.876117e+19
235.0 -8.871468e+19
235.1 -8.866823e+19
235.2 -8.862183e+19
235.3 -8.857546e+19
235.4 -8.852914e+19
235.5 -8.848285e+19
235.6 -8.843661e+19
235.7 -8.839041e+19
235.8 -8.834425e+19
235.9 -8.829813e+19
236.0 -8.825205e+19
236.1 -8.820601e+19
236.2 -8.816001e+19
236.3 -8.811405e+19
236.4 -8.806813e+19
236.5 -8.802225e+19
236.6 -8.797642e+19
236.7 -8.793062e+19
236.8 -8.788486e+19
236.9 -8.783915e+19
237.0 -8.779347e+19
237.1 -8.774784e+19
237.2 -8.770224e+19
237.3 -8.765668e+19
237.4 -8.761117e+19
237.5 -8.756569e+19
237.6 -8.752026e+19
237.7 -8.747486e+19
237.8 -8.742950e+19
237.9 -8.738419e+19
238.0 -8.733891e+19
238.1 -8.729367e+19
238.2 -8.724847e+19
238.3 -8.720331e+19
238.4 -8.715820e+19
238.5 -8.711312e+19
238.6 -8.706808e+19
238.7 -8.702307e+19
238.8 -8.697811e+19
238.9 -8.693319e+19
239.0 -8.688831e+19
239.1 -8.684346e+19
239.2 -8.679866e+19
239.3 -8.675389e+19
239.4 -8.670917e+19
239.5 -8.666448e+19
239.6 -8.661983e+19
239.7 -8.657522e+19
239.8 -8.653065e+19
239.9 -8.648611e+19
240.0 -8.644162e+19
240.1 -8.639716e+19
240.2 -8.635275e+19
240.3 -8.630837e+19
240.4 -8.626403e+19
240.5 -8.621973e+19
240.6 -8.617546e+19
240.7 -8.613124e+19
240.8 -8.608705e+19
240.9 -8.604291e+19
241.0 -8.599880e+19
241.1 -8.595472e+19
241.2 -8.591069e+19
241.3 -8.586670e+19
241.4 -8.582274e+19
241.5 -8.577882e+19
241.6 -8.573494e+19
241.7 -8.569109e+19
241.8 -8.564729e+19
241.9 -8.560352e+19
242.0 -8.555979e+19
242.1 -8.551610e+19
242.2 -8.547244e+19
242.3 -8.542883e+19
242.4 -8.538525e+19
242.5 -8.534170e+19
242.6 -8.529820e+19
242.7 -8.525473e+19
242.8 -8.521130e+19
242.9 -8.516791e+19
243.0 -8.512456e+19
243.1 -8.508124e+19
243.2 -8.503796e+19
243.3 -8.499471e+19
243.4 -8.495151e+19
243.5 -8.490834e+19
243.6 -8.486521e+19
243.7 -8.482211e+19
243.8 -8.477905e+19
243.9 -8.473603e+19
244.0 -8.469305e+19
244.1 -8.465010e+19
244.2 -8.460719e+19
244.3 -8.456431e+19
244.4 -8.452148e+19
244.5 -8.447868e+19
244.6 -8.443591e+19
244.7 -8.439318e+19
244.8 -8.435049e+19
244.9 -8.430784e+19
245.0 -8.426522e+19
245.1 -8.422264e+19
245.2 -8.418009e+19
245.3 -8.413758e+19
245.4 -8.409511e+19
245.5 -8.405267e+19
245.6 -8.401027e+19
245.7 -8.396790e+19
245.8 -8.392558e+19
245.9 -8.388328e+19
246.0 -8.384103e+19
246.1 -8.379880e+19
246.2 -8.375662e+19
246.3 -8.371447e+19
246.4 -8.367236e+19
246.5 -8.363028e+19
246.6 -8.358824e+19
246.7 -8.354623e+19
246.8 -8.350426e+19
246.9 -8.346233e+19
247.0 -8.342043e+19
247.1 -8.337856e+19
247.2 -8.333673e+19
247.3 -8.329494e+19
247.4 -8.325318e+19
247.5 -8.321146e+19
247.6 -8.316977e+19
247.7 -8.312812e+19
247.8 -8.308650e+19
247.9 -8.304492e+19
248.0 -8.300338e+19
248.1 -8.296186e+19
248.2 -8.292039e+19
248.3 -8.287895e+19
248.4 -8.283754e+19
248.5 -8.279617e+19
248.6 -8.275483e+19
248.7 -8.271353e+19
248.8 -8.267226e+19
248.9 -8.263103e+19
249.0 -8.258983e+19
249.1 -8.254867e+19
249.2 -8.250754e+19
249.3 -8.246645e+19
249.4 -8.242539e+19
249.5 -8.238436e+19
249.6 -8.234337e+19
249.7 -8.230242e+19
249.8 -8.226149e+19
249.9 -8.222061e+19
250.0 -8.217975e+19
250.1 -8.213893e+19
250.2 -8.209815e+19
250.3 -8.205740e+19
250.4 -8.201668e+19
250.5 -8.197600e+19
250.6 -8.193535e+19
250.7 -8.189474e+19
250.8 -8.185416e+19
250.9 -8.181361e+19
251.0 -8.177310e+19
251.1 -8.173262e+19
251.2 -8.169218e+19
251.3 -8.165177e+19
251.4 -8.161139e+19
251.5 -8.157104e+19
251.6 -8.153073e+19
251.7 -8.149046e+19
251.8 -8.145022e+19
251.9 -8.141001e+19
252.0 -8.136983e+19
252.1 -8.132969e+19
252.2 -8.128958e+19
252.3 -8.124950e+19
252.4 -8.120946e+19
252.5 -8.116945e+19
252.6 -8.112948e+19
252.7 -8.108953e+19
252.8 -8.104962e+19
252.9 -8.100975e+19
253.0 -8.096991e+19
253.1 -8.093010e+19
253.2 -8.089032e+19
253.3 -8.085057e+19
253.4 -8.081086e+19
253.5 -8.077118e+19
253.6 -8.073154e+19
253.7 -8.069193e+19
253.8 -8.065235e+19
253.9 -8.061280e+19
254.0 -8.057329e+19
254.1 -8.053380e+19
254.2 -8.049435e+19
254.3 -8.045494e+19
254.4 -8.041555e+19
254.5 -8.037620e+19
254.6 -8.033688e+19
254.7 -8.029760e+19
254.8 -8.025834e+19
254.9 -8.021912e+19
255.0 -8.017993e+19
255.1 -8.014078e+19
255.2 -8.010165e+19
255.3 -8.006256e+19
255.4 -8.002350e+19
255.5 -7.998447e+19
255.6 -7.994547e+19
255.7 -7.990651e+19
255.8 -7.986758e+19
255.9 -7.982868e+19
256.0 -7.978981e+19
256.1 -7.975097e+19
256.2 -7.971217e+19
256.3 -7.967339e+19
256.4 -7.963465e+19
256.5 -7.959594e+19
256.6 -7.955727e+19
256.7 -7.951862e+19
256.8 -7.948001e+19
256.9 -7.944142e+19
257.0 -7.940287e+19
257.1 -7.936435e+19
257.2 -7.932587e+19
257.3 -7.928741e+19
257.4 -7.924899e+19
257.5 -7.921059e+19
257.6 -7.917223e+19
257.7 -7.913390e+19
257.8 -7.909560e+19
257.9 -7.905733e+19
258.0 -7.901909e+19
258.1 -7.898089e+19
258.2 -7.894271e+19
258.3 -7.890457e+19
258.4 -7.886646e+19
258.5 -7.882838e+19
258.6 -7.879033e+19
258.7 -7.875231e+19
258.8 -7.871432e+19
258.9 -7.867636e+19
259.0 -7.863843e+19
259.1 -7.860054e+19
259.2 -7.856267e+19
259.3 -7.852484e+19
259.4 -7.848703e+19
259.5 -7.844926e+19
259.6 -7.841152e+19
259.7 -7.837381e+19
259.8 -7.833613e+19
259.9 -7.829848e+19
260.0 -7.826085e+19
260.1 -7.822327e+19
260.2 -7.818571e+19
260.3 -7.814818e+19
260.4 -7.811068e+19
260.5 -7.807321e+19
260.6 -7.803577e+19
260.7 -7.799836e+19
260.8 -7.796099e+19
260.9 -7.792364e+19
261.0 -7.788632e+19
261.1 -7.784904e+19
261.2 -7.781178e+19
261.3 -7.777455e+19
261.4 -7.773736e+19
261.5 -7.770019e+19
261.6 -7.766305e+19
261.7 -7.762595e+19
261.8 -7.758887e+19
261.9 -7.755182e+19
262.0 -7.751480e+19
262.1 -7.747782e+19
262.2 -7.744086e+19
262.3 -7.740393e+19
262.4 -7.736703e+19
262.5 -7.733016e+19
262.6 -7.729332e+19
262.7 -7.725651e+19
262.8 -7.721973e+19
262.9 -7.718298e+19
263.0 -7.714626e+19
263.1 -7.710957e+19
263.2 -7.707291e+19
263.3 -7.703628e+19
263.4 -7.699967e+19
263.5 -7.696310e+19
263.6 -7.692655e+19
263.7 -7.689004e+19
263.8 -7.685355e+19
263.9 -7.681709e+19
264.0 -7.678067e+19
264.1 -7.674427e+19
264.2 -7.670790e+19
264.3 -7.667156e+19
264.4 -7.663524e+19
264.5 -7.659896e+19
264.6 -7.656271e+19
264.7 -7.652648e+19
264.8 -7.649029e+19
264.9 -7.645412e+19
265.0 -7.641798e+19
265.1 -7.638187e+19
265.2 -7.634579e+19
265.3 -7.630974e+19
265.4 -7.627371e+19
265.5 -7.623772e+19
265.6 -7.620175e+19
265.7 -7.616582e+19
265.8 -7.612991e+19
265.9 -7.609403e+19
266.0 -7.605817e+19
266.1 -7.602235e+19
266.2 -7.598656e+19
266.3 -7.595079e+19
266.4 -7.591505e+19
266.5 -7.587934e+19
266.6 -7.584366e+19
266.7 -7.580800e+19
266.8 -7.577238e+19
266.9 -7.573678e+19
267.0 -7.570121e+19
267.1 -7.566567e+19
267.2 -7.563016e+19
267.3 -7.559468e+19
267.4 -7.555922e+19
267.5 -7.552379e+19
267.6 -7.548839e+19
267.7 -7.545302e+19
267.8 -7.541767e+19
267.9 -7.538236e+19
268.0 -7.534707e+19
268.1 -7.531181e+19
268.2 -7.527657e+19
268.3 -7.524137e+19
268.4 -7.520619e+19
268.5 -7.517104e+19
268.6 -7.513592e+19
268.7 -7.510082e+19
268.8 -7.506576e+19
268.9 -7.503072e+19
269.0 -7.499571e+19
269.1 -7.496072e+19
269.2 -7.492576e+19
269.3 -7.489083e+19
269.4 -7.485593e+19
269.5 -7.482106e+19
269.6 -7.478621e+19
269.7 -7.475139e+19
269.8 -7.471660e+19
269.9 -7.468183e+19
270.0 -7.464710e+19
270.1 -7.461238e+19
270.2 -7.457770e+19
270.3 -7.454304e+19
270.4 -7.450841e+19
270.5 -7.447381e+19
270.6 -7.443924e+19
270.7 -7.440469e+19
270.8 -7.437017e+19
270.9 -7.433567e+19
271.0 -7.430121e+19
271.1 -7.426677e+19
271.2 -7.423235e+19
271.3 -7.419797e+19
271.4 -7.416361e+19
271.5 -7.412927e+19
271.6 -7.409497e+19
271.7 -7.406069e+19
271.8 -7.402644e+19
271.9 -7.399221e+19
272.0 -7.395801e+19
272.1 -7.392384e+19
272.2 -7.388969e+19
272.3 -7.385557e+19
272.4 -7.382148e+19
272.5 -7.378741e+19
272.6 -7.375337e+19
272.7 -7.371936e+19
272.8 -7.368537e+19
272.9 -7.365141e+19
273.0 -7.361748e+19
273.1 -7.358357e+19
273.2 -7.354969e+19
273.3 -7.351583e+19
273.4 -7.348200e+19
273.5 -7.344820e+19
273.6 -7.341442e+19
273.7 -7.338067e+19
273.8 -7.334695e+19
273.9 -7.331325e+19
274.0 -7.327958e+19
274.1 -7.324593e+19
274.2 -7.321231e+19
274.3 -7.317872e+19
274.4 -7.314515e+19
274.5 -7.311161e+19
274.6 -7.307809e+19
274.7 -7.304460e+19
274.8 -7.301113e+19
274.9 -7.297770e+19
275.0 -7.294428e+19
275.1 -7.291089e+19
275.2 -7.287753e+19
275.3 -7.284420e+19
275.4 -7.281089e+19
275.5 -7.277760e+19
275.6 -7.274434e+19
275.7 -7.271111e+19
275.8 -7.267790e+19
275.9 -7.264472e+19
276.0 -7.261156e+19
276.1 -7.257843e+19
276.2 -7.254533e+19
276.3 -7.251225e+19
276.4 -7.247919e+19
276.5 -7.244616e+19
276.6 -7.241316e+19
276.7 -7.238018e+19
276.8 -7.234722e+19
276.9 -7.231430e+19
277.0 -7.228139e+19
277.1 -7.224851e+19
277.2 -7.221566e+19
277.3 -7.218283e+19
277.4 -7.215003e+19
277.5 -7.211725e+19
277.6 -7.208450e+19
277.7 -7.205177e+19
277.8 -7.201907e+19
277.9 -7.198639e+19
278.0 -7.195374e+19
278.1 -7.192111e+19
278.2 -7.188851e+19
278.3 -7.185593e+19
278.4 -7.182338e+19
278.5 -7.179085e+19
278.6 -7.175835e+19
278.7 -7.172587e+19
278.8 -7.169342e+19
278.9 -7.166099e+19
279.0 -7.162859e+19
279.1 -7.159621e+19
279.2 -7.156385e+19
279.3 -7.153152e+19
279.4 -7.149922e+19
279.5 -7.146693e+19
279.6 -7.143468e+19
279.7 -7.140245e+19
279.8 -7.137024e+19
279.9 -7.133806e+19
280.0 -7.130590e+19
280.1 -7.127376e+19
280.2 -7.124165e+19
280.3 -7.120957e+19
280.4 -7.117751e+19
280.5 -7.114547e+19
280.6 -7.111346e+19
280.7 -7.108147e+19
280.8 -7.104950e+19
280.9 -7.101756e+19
281.0 -7.098565e+19
281.1 -7.095376e+19
281.2 -7.092189e+19
281.3 -7.089005e+19
281.4 -7.085823e+19
281.5 -7.082643e+19
281.6 -7.079466e+19
281.7 -7.076291e+19
281.8 -7.073119e+19
281.9 -7.069949e+19
282.0 -7.066781e+19
282.1 -7.063616e+19
282.2 -7.060454e+19
282.3 -7.057293e+19
282.4 -7.054135e+19
282.5 -7.050979e+19
282.6 -7.047826e+19
282.7 -7.044675e+19
282.8 -7.041527e+19
282.9 -7.038381e+19
283.0 -7.035237e+19
283.1 -7.032096e+19
283.2 -7.028956e+19
283.3 -7.025820e+19
283.4 -7.022685e+19
283.5 -7.019553e+19
283.6 -7.016424e+19
283.7 -7.013297e+19
283.8 -7.010172e+19
283.9 -7.007049e+19
284.0 -7.003929e+19
284.1 -7.000811e+19
284.2 -6.997695e+19
284.3 -6.994582e+19
284.4 -6.991471e+19
284.5 -6.988363e+19
284.6 -6.985256e+19
284.7 -6.982152e+19
284.8 -6.979051e+19
284.9 -6.975951e+19
285.0 -6.972855e+19
285.1 -6.969760e+19
285.2 -6.966668e+19
285.3 -6.963577e+19
285.4 -6.960490e+19
285.5 -6.957404e+19
285.6 -6.954321e+19
285.7 -6.951240e+19
285.8 -6.948162e+19
285.9 -6.945086e+19
286.0 -6.942012e+19
286.1 -6.938940e+19
286.2 -6.935871e+19
286.3 -6.932804e+19
286.4 -6.929739e+19
286.5 -6.926676e+19
286.6 -6.923616e+19
286.7 -6.920558e+19
286.8 -6.917502e+19
286.9 -6.914449e+19
287.0 -6.911398e+19
287.1 -6.908349e+19
287.2 -6.905302e+19
287.3 -6.902258e+19
287.4 -6.899216e+19
287.5 -6.896176e+19
287.6 -6.893138e+19
287.7 -6.890103e+19
287.8 -6.887070e+19
287.9 -6.884039e+19
288.0 -6.881010e+19
288.1 -6.877984e+19
288.2 -6.874960e+19
288.3 -6.871938e+19
288.4 -6.868918e+19
288.5 -6.865901e+19
288.6 -6.862886e+19
288.7 -6.859873e+19
288.8 -6.856862e+19
288.9 -6.853854e+19
289.0 -6.850847e+19
289.1 -6.847843e+19
289.2 -6.844841e+19
289.3 -6.841842e+19
289.4 -6.838844e+19
289.5 -6.835849e+19
289.6 -6.832856e+19
289.7 -6.829865e+19
289.8 -6.826877e+19
289.9 -6.823890e+19
290.0 -6.820906e+19
290.1 -6.817924e+19
290.2 -6.814944e+19
290.3 -6.811967e+19
290.4 -6.808991e+19
290.5 -6.806018e+19
290.6 -6.803047e+19
290.7 -6.800078e+19
290.8 -6.797111e+19
290.9 -6.794147e+19
291.0 -6.791184e+19
291.1 -6.788224e+19
291.2 -6.785266e+19
291.3 -6.782310e+19
291.4 -6.779357e+19
291.5 -6.776405e+19
291.6 -6.773456e+19
291.7 -6.770509e+19
291.8 -6.767564e+19
291.9 -6.764621e+19
292.0 -6.761680e+19
292.1 -6.758742e+19
292.2 -6.755805e+19
292.3 -6.752871e+19
292.4 -6.749939e+19
292.5 -6.747009e+19
292.6 -6.744081e+19
292.7 -6.741155e+19
292.8 -6.738232e+19
292.9 -6.735310e+19
293.0 -6.732391e+19
293.1 -6.729474e+19
293.2 -6.726559e+19
293.3 -6.723646e+19
293.4 -6.720735e+19
293.5 -6.717826e+19
293.6 -6.714920e+19
293.7 -6.712015e+19
293.8 -6.709113e+19
293.9 -6.706213e+19
294.0 -6.703314e+19
294.1 -6.700418e+19
294.2 -6.697525e+19
294.3 -6.694633e+19
294.4 -6.691743e+19
294.5 -6.688855e+19
294.6 -6.685970e+19
294.7 -6.683086e+19
294.8 -6.680205e+19
294.9 -6.677326e+19
295.0 -6.674449e+19
295.1 -6.671574e+19
295.2 -6.668701e+19
295.3 -6.665830e+19
295.4 -6.662961e+19
295.5 -6.660094e+19
295.6 -6.657230e+19
295.7 -6.654367e+19
295.8 -6.651506e+19
295.9 -6.648648e+19
296.0 -6.645792e+19
296.1 -6.642937e+19
296.2 -6.640085e+19
296.3 -6.637235e+19
296.4 -6.634387e+19
296.5 -6.631541e+19
296.6 -6.628696e+19
296.7 -6.625854e+19
296.8 -6.623015e+19
296.9 -6.620177e+19
297.0 -6.617341e+19
297.1 -6.614507e+19
297.2 -6.611675e+19
297.3 -6.608846e+19
297.4 -6.606018e+19
297.5 -6.603192e+19
297.6 -6.600369e+19
297.7 -6.597547e+19
297.8 -6.594727e+19
297.9 -6.591910e+19
298.0 -6.589094e+19
298.1 -6.586281e+19
298.2 -6.583469e+19
298.3 -6.580660e+19
298.4 -6.577853e+19
298.5 -6.575047e+19
298.6 -6.572244e+19
298.7 -6.569442e+19
298.8 -6.566643e+19
298.9 -6.563846e+19
299.0 -6.561050e+19
299.1 -6.558257e+19
299.2 -6.555465e+19
299.3 -6.552676e+19
299.4 -6.549889e+19
299.5 -6.547103e+19
299.6 -6.544320e+19
299.7 -6.541538e+19
299.8 -6.538759e+19
299.9 -6.535982e+19
300.0 -6.533206e+19
300.1 -6.530433e+19
300.2 -6.527661e+19
300.3 -6.524892e+19
300.4 -6.522124e+19
300.5 -6.519359e+19
300.6 -6.516595e+19
300.7 -6.513833e+19
300.8 -6.511074e+19
300.9 -6.508316e+19
301.0 -6.505560e+19
301.1 -6.502807e+19
301.2 -6.500055e+19
301.3 -6.497305e+19
301.4 -6.494557e+19
301.5 -6.491811e+19
301.6 -6.489067e+19
301.7 -6.486325e+19
301.8 -6.483585e+19
301.9 -6.480847e+19
302.0 -6.478111e+19
302.1 -6.475377e+19
302.2 -6.472644e+19
302.3 -6.469914e+19
302.4 -6.467185e+19
302.5 -6.464459e+19
302.6 -6.461734e+19
302.7 -6.459012e+19
302.8 -6.456291e+19
302.9 -6.453572e+19
303.0 -6.450856e+19
303.1 -6.448141e+19
303.2 -6.445428e+19
303.3 -6.442716e+19
303.4 -6.440007e+19
303.5 -6.437300e+19
303.6 -6.434595e+19
303.7 -6.431891e+19
303.8 -6.429190e+19
303.9 -6.426490e+19
304.0 -6.423792e+19
304.1 -6.421097e+19
304.2 -6.418403e+19
304.3 -6.415711e+19
304.4 -6.413021e+19
304.5 -6.410333e+19
304.6 -6.407646e+19
304.7 -6.404962e+19
304.8 -6.402279e+19
304.9 -6.399599e+19
305.0 -6.396920e+19
305.1 -6.394243e+19
305.2 -6.391568e+19
305.3 -6.388895e+19
305.4 -6.386224e+19
305.5 -6.383554e+19
305.6 -6.380887e+19
305.7 -6.378221e+19
305.8 -6.375558e+19
305.9 -6.372896e+19
306.0 -6.370236e+19
306.1 -6.367578e+19
306.2 -6.364921e+19
306.3 -6.362267e+19
306.4 -6.359615e+19
306.5 -6.356964e+19
306.6 -6.354315e+19
306.7 -6.351668e+19
306.8 -6.349023e+19
306.9 -6.346380e+19
307.0 -6.343738e+19
307.1 -6.341099e+19
307.2 -6.338461e+19
307.3 -6.335825e+19
307.4 -6.333191e+19
307.5 -6.330559e+19
307.6 -6.327929e+19
307.7 -6.325300e+19
307.8 -6.322674e+19
307.9 -6.320049e+19
308.0 -6.317426e+19
308.1 -6.314805e+19
308.2 -6.312185e+19
308.3 -6.309568e+19
308.4 -6.306952e+19
308.5 -6.304338e+19
308.6 -6.301726e+19
308.7 -6.299116e+19
308.8 -6.296507e+19
308.9 -6.293901e+19
309.0 -6.291296e+19
309.1 -6.288693e+19
309.2 -6.286092e+19
309.3 -6.283493e+19
309.4 -6.280895e+19
309.5 -6.278299e+19
309.6 -6.275705e+19
309.7 -6.273113e+19
309.8 -6.270523e+19
309.9 -6.267934e+19
310.0 -6.265348e+19
310.1 -6.262763e+19
310.2 -6.260180e+19
310.3 -6.257598e+19
310.4 -6.255019e+19
310.5 -6.252441e+19
310.6 -6.249865e+19
310.7 -6.247291e+19
310.8 -6.244718e+19
310.9 -6.242148e+19
311.0 -6.239579e+19
311.1 -6.237012e+19
311.2 -6.234446e+19
311.3 -6.231883e+19
311.4 -6.229321e+19
311.5 -6.226761e+19
311.6 -6.224203e+19
311.7 -6.221646e+19
311.8 -6.219092e+19
311.9 -6.216539e+19
312.0 -6.213987e+19
312.1 -6.211438e+19
312.2 -6.208890e+19
312.3 -6.206344e+19
312.4 -6.203800e+19
312.5 -6.201258e+19
312.6 -6.198717e+19
312.7 -6.196178e+19
312.8 -6.193641e+19
312.9 -6.191106e+19
313.0 -6.188572e+19
313.1 -6.186040e+19
313.2 -6.183510e+19
313.3 -6.180982e+19
313.4 -6.178455e+19
313.5 -6.175930e+19
313.6 -6.173407e+19
313.7 -6.170885e+19
313.8 -6.168365e+19
313.9 -6.165847e+19
314.0 -6.163331e+19
314.1 -6.160816e+19
314.2 -6.158304e+19
314.3 -6.155792e+19
314.4 -6.153283e+19
314.5 -6.150775e+19
314.6 -6.148269e+19
314.7 -6.145765e+19
314.8 -6.143262e+19
314.9 -6.140762e+19
315.0 -6.138262e+19
315.1 -6.135765e+19
315.2 -6.133269e+19
315.3 -6.130775e+19
315.4 -6.128283e+19
315.5 -6.125792e+19
315.6 -6.123304e+19
315.7 -6.120816e+19
315.8 -6.118331e+19
315.9 -6.115847e+19
316.0 -6.113365e+19
316.1 -6.110885e+19
316.2 -6.108406e+19
316.3 -6.105929e+19
316.4 -6.103453e+19
316.5 -6.100980e+19
316.6 -6.098508e+19
316.7 -6.096037e+19
316.8 -6.093569e+19
316.9 -6.091102e+19
317.0 -6.088637e+19
317.1 -6.086173e+19
317.2 -6.083711e+19
317.3 -6.081251e+19
317.4 -6.078792e+19
317.5 -6.076335e+19
317.6 -6.073880e+19
317.7 -6.071427e+19
317.8 -6.068975e+19
317.9 -6.066525e+19
318.0 -6.064076e+19
318.1 -6.061629e+19
318.2 -6.059184e+19
318.3 -6.056740e+19
318.4 -6.054298e+19
318.5 -6.051858e+19
318.6 -6.049419e+19
318.7 -6.046982e+19
318.8 -6.044547e+19
318.9 -6.042113e+19
319.0 -6.039681e+19
319.1 -6.037251e+19
319.2 -6.034822e+19
319.3 -6.032395e+19
319.4 -6.029970e+19
319.5 -6.027546e+19
319.6 -6.025124e+19
319.7 -6.022703e+19
319.8 -6.020284e+19
319.9 -6.017867e+19
320.0 -6.015451e+19
320.1 -6.013037e+19
320.2 -6.010625e+19
320.3 -6.008214e+19
320.4 -6.005805e+19
320.5 -6.003397e+19
320.6 -6.000992e+19
320.7 -5.998587e+19
320.8 -5.996185e+19
320.9 -5.993784e+19
321.0 -5.991384e+19
321.1 -5.988986e+19
321.2 -5.986590e+19
321.3 -5.984196e+19
321.4 -5.981803e+19
321.5 -5.979411e+19
321.6 -5.977021e+19
321.7 -5.974633e+19
321.8 -5.972247e+19
321.9 -5.969862e+19
322.0 -5.967478e+19
322.1 -5.965097e+19
322.2 -5.962716e+19
322.3 -5.960338e+19
322.4 -5.957961e+19
322.5 -5.955585e+19
322.6 -5.953212e+19
322.7 -5.950839e+19
322.8 -5.948469e+19
322.9 -5.946100e+19
323.0 -5.943732e+19
323.1 -5.941367e+19
323.2 -5.939002e+19
323.3 -5.936640e+19
323.4 -5.934278e+19
323.5 -5.931919e+19
323.6 -5.929561e+19
323.7 -5.927205e+19
323.8 -5.924850e+19
323.9 -5.922496e+19
324.0 -5.920145e+19
324.1 -5.917795e+19
324.2 -5.915446e+19
324.3 -5.913099e+19
324.4 -5.910754e+19
324.5 -5.908410e+19
324.6 -5.906068e+19
324.7 -5.903727e+19
324.8 -5.901388e+19
324.9 -5.899050e+19
325.0 -5.896714e+19
325.1 -5.894380e+19
325.2 -5.892047e+19
325.3 -5.889715e+19
325.4 -5.887385e+19
325.5 -5.885057e+19
325.6 -5.882730e+19
325.7 -5.880405e+19
325.8 -5.878081e+19
325.9 -5.875759e+19
326.0 -5.873439e+19
326.1 -5.871120e+19
326.2 -5.868802e+19
326.3 -5.866486e+19
326.4 -5.864172e+19
326.5 -5.861859e+19
326.6 -5.859547e+19
326.7 -5.857238e+19
326.8 -5.854929e+19
326.9 -5.852623e+19
327.0 -5.850317e+19
327.1 -5.848014e+19
327.2 -5.845711e+19
327.3 -5.843411e+19
327.4 -5.841111e+19
327.5 -5.838814e+19
327.6 -5.836518e+19
327.7 -5.834223e+19
327.8 -5.831930e+19
327.9 -5.829638e+19
328.0 -5.827348e+19
328.1 -5.825060e+19
328.2 -5.822773e+19
328.3 -5.820487e+19
328.4 -5.818203e+19
328.5 -5.815921e+19
328.6 -5.813640e+19
328.7 -5.811360e+19
328.8 -5.809082e+19
328.9 -5.806806e+19
329.0 -5.804531e+19
329.1 -5.802257e+19
329.2 -5.799985e+19
329.3 -5.797714e+19
329.4 -5.795445e+19
329.5 -5.793178e+19
329.6 -5.790912e+19
329.7 -5.788647e+19
329.8 -5.786384e+19
329.9 -5.784123e+19
330.0 -5.781862e+19
330.1 -5.779604e+19
330.2 -5.777347e+19
330.3 -5.775091e+19
330.4 -5.772837e+19
330.5 -5.770584e+19
330.6 -5.768333e+19
330.7 -5.766083e+19
330.8 -5.763835e+19
330.9 -5.761588e+19
331.0 -5.759343e+19
331.1 -5.757099e+19
331.2 -5.754856e+19
331.3 -5.752615e+19
331.4 -5.750376e+19
331.5 -5.748138e+19
331.6 -5.745901e+19
331.7 -5.743666e+19
331.8 -5.741433e+19
331.9 -5.739200e+19
332.0 -5.736970e+19
332.1 -5.734741e+19
332.2 -5.732513e+19
332.3 -5.730286e+19
332.4 -5.728061e+19
332.5 -5.725838e+19
332.6 -5.723616e+19
332.7 -5.721395e+19
332.8 -5.719176e+19
332.9 -5.716959e+19
333.0 -5.714743e+19
333.1 -5.712528e+19
333.2 -5.710314e+19
333.3 -5.708103e+19
333.4 -5.705892e+19
333.5 -5.703683e+19
333.6 -5.701476e+19
333.7 -5.699269e+19
333.8 -5.697065e+19
333.9 -5.694861e+19
334.0 -5.692660e+19
334.1 -5.690459e+19
334.2 -5.688260e+19
334.3 -5.686063e+19
334.4 -5.683866e+19
334.5 -5.681672e+19
334.6 -5.679478e+19
334.7 -5.677287e+19
334.8 -5.675096e+19
334.9 -5.672907e+19
335.0 -5.670720e+19
335.1 -5.668533e+19
335.2 -5.666349e+19
335.3 -5.664165e+19
335.4 -5.661983e+19
335.5 -5.659803e+19
335.6 -5.657624e+19
335.7 -5.655446e+19
335.8 -5.653270e+19
335.9 -5.651095e+19
336.0 -5.648921e+19
336.1 -5.646749e+19
336.2 -5.644578e+19
336.3 -5.642409e+19
336.4 -5.640241e+19
336.5 -5.638075e+19
336.6 -5.635910e+19
336.7 -5.633746e+19
336.8 -5.631584e+19
336.9 -5.629423e+19
337.0 -5.627263e+19
337.1 -5.625105e+19
337.2 -5.622948e+19
337.3 -5.620793e+19
337.4 -5.618639e+19
337.5 -5.616486e+19
337.6 -5.614335e+19
337.7 -5.612185e+19
337.8 -5.610037e+19
337.9 -5.607890e+19
338.0 -5.605744e+19
338.1 -5.603600e+19
338.2 -5.601457e+19
338.3 -5.599315e+19
338.4 -5.597175e+19
338.5 -5.595036e+19
338.6 -5.592899e+19
338.7 -5.590763e+19
338.8 -5.588628e+19
338.9 -5.586495e+19
339.0 -5.584363e+19
339.1 -5.582232e+19
339.2 -5.580103e+19
339.3 -5.577975e+19
339.4 -5.575849e+19
339.5 -5.573724e+19
339.6 -5.571600e+19
339.7 -5.569478e+19
339.8 -5.567357e+19
339.9 -5.565237e+19
340.0 -5.563119e+19
340.1 -5.561002e+19
340.2 -5.558886e+19
340.3 -5.556772e+19
340.4 -5.554659e+19
340.5 -5.552547e+19
340.6 -5.550437e+19
340.7 -5.548328e+19
340.8 -5.546220e+19
340.9 -5.544114e+19
341.0 -5.542009e+19
341.1 -5.539906e+19
341.2 -5.537804e+19
341.3 -5.535703e+19
341.4 -5.533603e+19
341.5 -5.531505e+19
341.6 -5.529408e+19
341.7 -5.527313e+19
341.8 -5.525219e+19
341.9 -5.523126e+19
342.0 -5.521034e+19
342.1 -5.518944e+19
342.2 -5.516855e+19
342.3 -5.514768e+19
342.4 -5.512682e+19
342.5 -5.510597e+19
342.6 -5.508513e+19
342.7 -5.506431e+19
342.8 -5.504350e+19
342.9 -5.502271e+19
343.0 -5.500192e+19
343.1 -5.498115e+19
343.2 -5.496040e+19
343.3 -5.493965e+19
343.4 -5.491892e+19
343.5 -5.489821e+19
343.6 -5.487750e+19
343.7 -5.485681e+19
343.8 -5.483614e+19
343.9 -5.481547e+19
344.0 -5.479482e+19
344.1 -5.477418e+19
344.2 -5.475356e+19
344.3 -5.473294e+19
344.4 -5.471235e+19
344.5 -5.469176e+19
344.6 -5.467119e+19
344.7 -5.465063e+19
344.8 -5.463008e+19
344.9 -5.460954e+19
345.0 -5.458902e+19
345.1 -5.456852e+19
345.2 -5.454802e+19
345.3 -5.452754e+19
345.4 -5.450707e+19
345.5 -5.448661e+19
345.6 -5.446617e+19
345.7 -5.444574e+19
345.8 -5.442532e+19
345.9 -5.440491e+19
346.0 -5.438452e+19
346.1 -5.436414e+19
346.2 -5.434377e+19
346.3 -5.432342e+19
346.4 -5.430308e+19
346.5 -5.428275e+19
346.6 -5.426244e+19
346.7 -5.424213e+19
346.8 -5.422184e+19
346.9 -5.420157e+19
347.0 -5.418130e+19
347.1 -5.416105e+19
347.2 -5.414081e+19
347.3 -5.412058e+19
347.4 -5.410037e+19
347.5 -5.408017e+19
347.6 -5.405998e+19
347.7 -5.403980e+19
347.8 -5.401964e+19
347.9 -5.399949e+19
348.0 -5.397935e+19
348.1 -5.395923e+19
348.2 -5.393912e+19
348.3 -5.391901e+19
348.4 -5.389893e+19
348.5 -5.387885e+19
348.6 -5.385879e+19
348.7 -5.383874e+19
348.8 -5.381870e+19
348.9 -5.379868e+19
349.0 -5.377867e+19
349.1 -5.375867e+19
349.2 -5.373868e+19
349.3 -5.371870e+19
349.4 -5.369874e+19
349.5 -5.367879e+19
349.6 -5.365885e+19
349.7 -5.363893e+19
349.8 -5.361902e+19
349.9 -5.359911e+19
350.0 -5.357923e+19
350.1 -5.355935e+19
350.2 -5.353949e+19
350.3 -5.351964e+19
350.4 -5.349980e+19
350.5 -5.347997e+19
350.6 -5.346016e+19
350.7 -5.344036e+19
350.8 -5.342057e+19
350.9 -5.340079e+19
351.0 -5.338103e+19
351.1 -5.336127e+19
351.2 -5.334153e+19
351.3 -5.332181e+19
351.4 -5.330209e+19
351.5 -5.328239e+19
351.6 -5.326270e+19
351.7 -5.324302e+19
351.8 -5.322335e+19
351.9 -5.320370e+19
352.0 -5.318405e+19
352.1 -5.316442e+19
352.2 -5.314481e+19
352.3 -5.312520e+19
352.4 -5.310561e+19
352.5 -5.308603e+19
352.6 -5.306646e+19
352.7 -5.304690e+19
352.8 -5.302735e+19
352.9 -5.300782e+19
353.0 -5.298830e+19
353.1 -5.296879e+19
353.2 -5.294929e+19
353.3 -5.292981e+19
353.4 -5.291034e+19
353.5 -5.289087e+19
353.6 -5.287143e+19
353.7 -5.285199e+19
353.8 -5.283256e+19
353.9 -5.281315e+19
354.0 -5.279375e+19
354.1 -5.277436e+19
354.2 -5.275498e+19
354.3 -5.273562e+19
354.4 -5.271627e+19
354.5 -5.269692e+19
354.6 -5.267760e+19
354.7 -5.265828e+19
354.8 -5.263897e+19
354.9 -5.261968e+19
355.0 -5.260040e+19
355.1 -5.258113e+19
355.2 -5.256187e+19
355.3 -5.254262e+19
355.4 -5.252339e+19
355.5 -5.250417e+19
355.6 -5.248495e+19
355.7 -5.246576e+19
355.8 -5.244657e+19
355.9 -5.242739e+19
356.0 -5.240823e+19
356.1 -5.238908e+19
356.2 -5.236994e+19
356.3 -5.235081e+19
356.4 -5.233169e+19
356.5 -5.231259e+19
356.6 -5.229349e+19
356.7 -5.227441e+19
356.8 -5.225534e+19
356.9 -5.223628e+19
357.0 -5.221724e+19
357.1 -5.219820e+19
357.2 -5.217918e+19
357.3 -5.216017e+19
357.4 -5.214117e+19
357.5 -5.212218e+19
357.6 -5.210320e+19
357.7 -5.208424e+19
357.8 -5.206528e+19
357.9 -5.204634e+19
358.0 -5.202741e+19
358.1 -5.200849e+19
358.2 -5.198958e+19
358.3 -5.197069e+19
358.4 -5.195180e+19
358.5 -5.193293e+19
358.6 -5.191407e+19
358.7 -5.189522e+19
358.8 -5.187638e+19
358.9 -5.185755e+19
359.0 -5.183874e+19
359.1 -5.181993e+19
359.2 -5.180114e+19
359.3 -5.178236e+19
359.4 -5.176359e+19
359.5 -5.174483e+19
359.6 -5.172608e+19
359.7 -5.170735e+19
359.8 -5.168862e+19
359.9 -5.166991e+19
3.432064e+26 5.319932e+26 7.190125e+26 9.036488e+26 1.085300e+27 1.263379e+27 1.437321e+27 1.606581e+27 1.770643e+27 1.929015e+27  
