0 6.19299e+10
0.392227 6.19281e+10
0.784454 6.19227e+10
1.17668 6.19138e+10
1.56891 6.19012e+10
1.96113 6.18851e+10
2.35336 6.18654e+10
2.74559 6.18421e+10
3.13782 6.18152e+10
3.53004 6.17846e+10
3.92227 6.17504e+10
4.3145 6.17126e+10
4.70672 6.16712e+10
5.09895 6.1626e+10
5.49118 6.15772e+10
5.8834 6.15247e+10
6.27563 6.14685e+10
6.66786 6.14085e+10
7.06008 6.13448e+10
7.45231 6.12773e+10
7.84454 6.1206e+10
8.23676 6.11309e+10
8.62899 6.10519e+10
9.02122 6.09691e+10
9.41345 6.08823e+10
9.80567 6.07916e+10
10.1979 6.06969e+10
10.5901 6.05982e+10
10.9824 6.04955e+10
11.3746 6.03887e+10
11.7668 6.02777e+10
12.159 6.01626e+10
12.5513 6.00432e+10
12.9435 5.99196e+10
13.3357 5.97917e+10
13.7279 5.96594e+10
14.1202 5.95227e+10
14.5124 5.93815e+10
14.9046 5.92358e+10
15.2968 5.90854e+10
15.6891 5.89304e+10
16.0813 5.87707e+10
16.4735 5.86061e+10
16.8658 5.84367e+10
17.258 5.82623e+10
17.6502 5.80828e+10
18.0424 5.78982e+10
18.4347 5.77083e+10
18.8269 5.75132e+10
19.2191 5.73125e+10
19.6113 5.71064e+10
20.0036 5.68946e+10
20.3958 5.66769e+10
20.788 5.64534e+10
21.1803 5.62239e+10
21.5725 5.59881e+10
21.9647 5.57461e+10
22.3569 5.54975e+10
22.7492 5.52423e+10
23.1414 5.49802e+10
23.5336 5.47112e+10
23.9258 5.44349e+10
24.3181 5.41511e+10
24.7103 5.38597e+10
25.1025 5.35604e+10
25.4947 5.32529e+10
25.887 5.2937e+10
26.2792 5.26124e+10
26.6714 5.22786e+10
27.0637 5.19355e+10
27.4559 5.15826e+10
27.8481 5.12195e+10
28.2403 5.08458e+10
28.6326 5.04611e+10
29.0248 5.00647e+10
29.417 4.96561e+10
29.8092 4.92348e+10
30.2015 4.87999e+10
30.5937 4.83509e+10
30.9859 4.78867e+10
31.3782 4.74065e+10
31.7704 4.69093e+10
32.1626 4.63937e+10
32.5548 4.58585e+10
32.9471 4.53021e+10
33.3393 4.47228e+10
33.7315 4.41183e+10
34.1237 4.34863e+10
34.516 4.28238e+10
34.9082 4.21272e+10
35.3004 4.13922e+10
35.6926 4.06133e+10
36.0849 3.97835e+10
36.4771 3.88935e+10
36.8693 3.79307e+10
37.2616 3.6877e+10
37.6538 3.57046e+10
38.046 3.43671e+10
38.4382 3.27744e+10
38.8305 3.06948e+10
39.2227 2.57073e+10
