0 5.98075e+10
1.51682e+06 6.06338e+10
3.03365e+06 6.17885e+10
4.55047e+06 6.30462e+10
6.06729e+06 6.42826e+10
7.58411e+06 6.54429e+10
9.10094e+06 6.65084e+10
1.06178e+07 6.7477e+10
1.21346e+07 6.83542e+10
1.36514e+07 6.91481e+10
1.51682e+07 6.98675e+10
1.6685e+07 7.05207e+10
1.82019e+07 7.11154e+10
1.97187e+07 7.16583e+10
2.12355e+07 7.21555e+10
2.27523e+07 7.26122e+10
2.42692e+07 7.30328e+10
2.5786e+07 7.34213e+10
2.73028e+07 7.3781e+10
2.88196e+07 7.41151e+10
3.03365e+07 7.44259e+10
3.18533e+07 7.47158e+10
3.33701e+07 7.49869e+10
3.48869e+07 7.52407e+10
3.64037e+07 7.5479e+10
3.79206e+07 7.57031e+10
3.94374e+07 7.59141e+10
4.09542e+07 7.61132e+10
4.2471e+07 7.63013e+10
4.39879e+07 7.64793e+10
4.55047e+07 7.66481e+10
4.70215e+07 7.68082e+10
4.85383e+07 7.69603e+10
5.00551e+07 7.71051e+10
5.1572e+07 7.7243e+10
5.30888e+07 7.73745e+10
5.46056e+07 7.75e+10
5.61224e+07 7.76199e+10
5.76393e+07 7.77347e+10
5.91561e+07 7.78445e+10
6.06729e+07 7.79498e+10
6.21897e+07 7.80508e+10
6.37065e+07 7.81477e+10
6.52234e+07 7.82408e+10
6.67402e+07 7.83304e+10
6.8257e+07 7.84165e+10
6.97738e+07 7.84995e+10
7.12907e+07 7.85794e+10
7.28075e+07 7.86565e+10
7.43243e+07 7.87309e+10
7.58411e+07 7.88027e+10
7.7358e+07 7.8872e+10
7.88748e+07 7.8939e+10
8.03916e+07 7.90039e+10
8.19084e+07 7.90666e+10
8.34252e+07 7.91273e+10
8.49421e+07 7.91862e+10
8.64589e+07 7.92432e+10
8.79757e+07 7.92984e+10
8.94925e+07 7.93521e+10
9.10094e+07 7.94041e+10
9.25262e+07 7.94546e+10
9.4043e+07 7.95037e+10
9.55598e+07 7.95514e+10
9.70766e+07 7.95977e+10
9.85935e+07 7.96428e+10
1.0011e+08 7.96867e+10
1.01627e+08 7.97294e+10
1.03144e+08 7.97709e+10
1.04661e+08 7.98114e+10
1.06178e+08 7.98508e+10
1.07694e+08 7.98892e+10
1.09211e+08 7.99267e+10
1.10728e+08 7.99632e+10
1.12245e+08 7.99989e+10
1.13762e+08 8.00337e+10
1.15279e+08 8.00676e+10
1.16795e+08 8.01007e+10
1.18312e+08 8.01331e+10
1.19829e+08 8.01647e+10
1.21346e+08 8.01956e+10
1.22863e+08 8.02258e+10
1.24379e+08 8.02554e+10
1.25896e+08 8.02842e+10
1.27413e+08 8.03125e+10
1.2893e+08 8.03401e+10
1.30447e+08 8.03672e+10
1.31964e+08 8.03936e+10
1.3348e+08 8.04196e+10
1.34997e+08 8.04449e+10
1.36514e+08 8.04698e+10
1.38031e+08 8.04942e+10
1.39548e+08 8.0518e+10
1.41064e+08 8.05414e+10
1.42581e+08 8.05644e+10
1.44098e+08 8.05868e+10
1.45615e+08 8.06089e+10
1.47132e+08 8.06305e+10
1.48649e+08 8.06518e+10
1.50165e+08 8.06726e+10
1.51682e+08 8.0693e+10
