2.5e-07 4.747343481420381e+28
5e-07 4.63739123374537e+28
7.5e-07 4.527715086420939e+28
1e-06 4.418397929715978e+28
1.2499999999999999e-06 4.309521835263836e+28
1.5e-06 4.201167871242652e+28
1.75e-06 4.093415921360603e+28
2e-06 3.986344508319493e+28
2.25e-06 3.8800306224062092e+28
2.4999999999999998e-06 3.77454955583478e+28
2.75e-06 3.669974743431337e+28
3e-06 3.5663776102212435e+28
3.25e-06 3.4638274264417177e+28
3.5e-06 3.3623911704648827e+28
3.7499999999999997e-06 3.262133400075544e+28
4e-06 3.1631161325054298e+28
4.25e-06 3.0653987335812693e+28
4.5e-06 2.9690378162984622e+28
4.749999999999999e-06 2.874087149085235e+28
4.9999999999999996e-06 2.7805975739745923e+28
5.25e-06 2.68861693485323e+28
5.5e-06 2.5981900159082387e+28
5.75e-06 2.5093584903441745e+28
6e-06 2.422160879395185e+28
6.2499999999999995e-06 2.3366325216096655e+28
6.5e-06 2.2528055523386327e+28
6.75e-06 2.170708893313907e+28
7e-06 2.090368252158582e+28
7.25e-06 2.0118061316302607e+28
7.499999999999999e-06 1.935041848357561e+28
7.75e-06 1.8600915607923938e+28
8e-06 1.7869683060649225e+28
8.249999999999999e-06 1.7156820453949058e+28
8.5e-06 1.6462397176825573e+28
8.75e-06 1.578645300874195e+28
9e-06 1.512899880672942e+28
9.25e-06 1.4490017261425982e+28
9.499999999999999e-06 1.3869463717336814e+28
9.75e-06 1.3267267052444587e+28
9.999999999999999e-06 1.268333061216673e+28
1.025e-05 1.211753319255549e+28
1.05e-05 1.1569730067565202e+28
1.0749999999999999e-05 1.1039754055169333e+28
1.1e-05 1.0527416617096689e+28
1.1249999999999999e-05 1.0032508986970835e+28
1.15e-05 9.554803321678766e+27
1.175e-05 9.094053870862227e+27
1.2e-05 8.649998159517347e+27
1.225e-05 8.222358178803624e+27
1.2499999999999999e-05 7.810841580300327e+27
1.275e-05 7.41514286910548e+27
1.3e-05 7.034944591348167e+27
1.325e-05 6.669918511877145e+27
1.35e-05 6.319726778095871e+27
1.3749999999999999e-05 5.984023066134311e+27
1.4e-05 5.662453705779308e+27
1.4249999999999999e-05 5.354658780826338e+27
1.45e-05 5.06027320176378e+27
1.475e-05 4.77892774795528e+27
1.4999999999999999e-05 4.510250076744076e+27
1.525e-05 4.2538656971636716e+27
1.55e-05 4.0093989062006584e+27
1.575e-05 3.776473685815733e+27
1.6e-05 3.554714559186877e+27
1.625e-05 3.3437474048926666e+27
1.6499999999999998e-05 3.1432002280024414e+27
1.675e-05 2.952703887282431e+27
1.7e-05 2.771892777961668e+27
1.725e-05 2.6004054697276127e+27
1.75e-05 2.4378852998380535e+27
1.7749999999999998e-05 2.2839809214420466e+27
1.8e-05 2.1383468073978227e+27
1.825e-05 2.0006437100591708e+27
1.85e-05 1.8705390776731706e+27
1.875e-05 1.747707428191079e+27
1.8999999999999998e-05 1.6318306814402855e+27
1.925e-05 1.5225984507384633e+27
1.95e-05 1.4197082951511532e+27
1.975e-05 1.3228659337012342e+27
1.9999999999999998e-05 1.231785422932908e+27
2.0249999999999998e-05 1.1461892993144129e+27
2.05e-05 1.0658086880326747e+27
2.075e-05 9.903833797900484e+26
2.1e-05 9.196618772584356e+26
2.1249999999999998e-05 8.534014128798944e+26
2.1499999999999997e-05 7.913679397258613e+26
2.175e-05 7.333360971398225e+26
2.2e-05 6.790891528912356e+26
2.225e-05 6.284189235623746e+26
2.2499999999999998e-05 5.811256748750835e+26
2.2749999999999997e-05 5.3701800364192095e+26
2.3e-05 4.959127029963795e+26
2.325e-05 4.5763461252055274e+26
2.35e-05 4.220164548463495e+26
2.3749999999999998e-05 3.888986602588246e+26
2.4e-05 3.5812918077803385e+26
2.425e-05 3.295632951396447e+26
2.45e-05 3.0306340603496915e+26
2.475e-05 2.7849883090871e+26
2.4999999999999998e-05 2.557455875480951e+26
2.525e-05 2.3468617563076227e+26
2.55e-05 2.152093553312567e+26
2.575e-05 1.9720992401780175e+26
2.6e-05 1.8058849200255108e+26
2.6249999999999998e-05 1.6525125824025617e+26
2.65e-05 1.5110978680255796e+26
2.675e-05 1.3808078488831409e+26
2.7e-05 1.2608588306480398e+26
2.7249999999999998e-05 1.1505141837061619e+26
2.7499999999999998e-05 1.0490822084876565e+26
2.775e-05 9.559140401834044e+25
2.8e-05 8.704015973493047e+25
2.825e-05 7.919755783440998e+25
2.8499999999999998e-05 7.201035090146015e+25
2.8749999999999997e-05 6.542878445364897e+25
2.9e-05 5.94064127839944e+25
2.925e-05 5.389992065980125e+25
2.95e-05 4.88689510332004e+25
2.9749999999999998e-05 4.427593887925425e+25
2.9999999999999997e-05 4.008595124071151e+25
3.025e-05 3.6266533524479143e+25
3.05e-05 3.2787562063583675e+25
3.0749999999999995e-05 2.9621102929768628e+25
3.1e-05 2.67412769558484e+25
3.125e-05 2.4124130903434427e+25
3.15e-05 2.1747514690579674e+25
3.175e-05 1.9590964575154875e+25
3.2e-05 1.76355921732723e+25
3.225e-05 1.586397917770231e+25
3.25e-05 1.426007762887244e+25
3.2749999999999996e-05 1.2809115580582663e+25
3.2999999999999996e-05 1.1497507993898334e+25
3.325e-05 1.0312772685675453e+25
3.35e-05 9.243451152715302e+24
3.375e-05 8.279034088519981e+24
3.4e-05 7.409891406913505e+24
3.425e-05 6.627206585291947e+24
3.45e-05 5.922915139862753e+24
3.475e-05 5.289647045821302e+24
3.5e-05 4.720672916891494e+24
3.5249999999999996e-05 4.2098537609285845e+24
3.5499999999999996e-05 3.7515941312544744e+24
3.575e-05 3.3407984969800483e+24
3.6e-05 2.972830659682974e+24
3.625e-05 2.6434760483746417e+24
3.65e-05 2.348906729633739e+24
3.675e-05 2.085648975038499e+24
3.7e-05 1.850553233532032e+24
3.725e-05 1.6407663620476685e+24
3.75e-05 1.453705973550794e+24
3.7749999999999996e-05 1.2870367675721353e+24
3.7999999999999995e-05 1.1386487142710348e+24
3.825e-05 1.0066369690368605e+24
3.85e-05 8.892834005770778e+23
3.875e-05 7.85039621320777e+23
3.9e-05 6.92511414759233e+23
3.925e-05 6.104444600267118e+23
3.95e-05 5.377112595749141e+23
3.975e-05 4.732991811958802e+23
3.9999999999999996e-05 4.1629953088659116e+23
4.0249999999999996e-05 3.658975781122028e+23
4.0499999999999995e-05 3.213634599046375e+23
4.075e-05 2.8204389492219455e+23
4.1e-05 2.473546430889575e+23
4.125e-05 2.1677365072700542e+23
4.15e-05 1.8983482518831664e+23
4.175e-05 1.661223868867877e+23
4.2e-05 1.4526575032529774e+23
4.225e-05 1.2693488921063993e+23
4.2499999999999996e-05 1.1083614405384258e+23
4.2749999999999996e-05 9.670843376915039e+22
4.2999999999999995e-05 8.431983571668399e+22
4.325e-05 7.346450138708603e+22
4.35e-05 6.395987750730124e+22
4.375e-05 5.56442047614181e+22
4.4e-05 4.837426857588793e+22
4.425e-05 4.202337852130239e+22
4.45e-05 3.6479554840250592e+22
4.475e-05 3.164390242964555e+22
4.4999999999999996e-05 2.7429154293368322e+22
4.5249999999999995e-05 2.3758368044134852e+22
4.5499999999999995e-05 2.0563760479066265e+22
4.575e-05 1.7785666588326618e+22
4.6e-05 1.537161058701037e+22
4.625e-05 1.3275477693656533e+22
4.65e-05 1.1456776420567147e+22
4.675e-05 9.879982097519864e+21
4.7e-05 8.513953227252217e+21
4.7249999999999997e-05 7.331413073774687e+21
4.7499999999999996e-05 6.30848961840077e+21
4.7749999999999995e-05 5.424307688366986e+21
4.8e-05 4.660627673794586e+21
4.825e-05 4.001525805000902e+21
4.85e-05 3.4331114680283635e+21
4.875e-05 2.9432774956986574e+21
4.9e-05 2.521479788248979e+21
4.925e-05 2.1585429951588488e+21
4.95e-05 1.8464893313914757e+21
4.9749999999999996e-05 1.5783879099936193e+21
4.9999999999999996e-05 1.348222251650038e+21
5.0249999999999995e-05 1.1507738829980917e+21
5.05e-05 9.815201617066734e+20
5.075e-05 8.36544669760199e+20
5.1e-05 7.12458699138375e+20
5.125e-05 6.063325180581277e+20
5.15e-05 5.156352529040191e+20
5.175e-05 4.3818235253234985e+20
5.2e-05 3.720897192718339e+20
5.2249999999999996e-05 3.15733696014459e+20
5.2499999999999995e-05 2.6771619253107645e+20
5.2749999999999995e-05 2.268343176858734e+20
5.3e-05 1.920539585899112e+20
5.325e-05 1.6248681386088183e+20
5.35e-05 1.3737044689270936e+20
5.375e-05 1.1605097715387536e+20
5.4e-05 9.79680737238565e+19
5.425e-05 8.264195617242495e+19
5.4499999999999997e-05 6.966214405514375e+19
5.4749999999999996e-05 5.86777282525684e+19
5.4999999999999995e-05 4.938896558168951e+19
5.5249999999999994e-05 4.154002297070889e+19
5.55e-05 3.4912719384628457e+19
5.575e-05 2.932113295317214e+19
5.6e-05 2.460695768317085e+19
5.625e-05 2.0635509002040193e+19
5.65e-05 1.729229041612761e+19
5.675e-05 1.4480044990473126e+19
5.6999999999999996e-05 1.2116225354655554e+19
5.7249999999999996e-05 1.0130824681710141e+19
5.7499999999999995e-05 8.464518723639415e+18
5.7749999999999994e-05 7.067075650969898e+18
5.8e-05 5.895996253195156e+18
5.825e-05 4.915352116331649e+18
5.85e-05 4.0947937956554906e+18
5.875e-05 3.408704827661339e+18
5.9e-05 2.8354807474537533e+18
5.925e-05 2.3569151596591227e+18
5.9499999999999996e-05 1.9576774084424942e+18
5.9749999999999995e-05 1.6248685544889295e+18
5.9999999999999995e-05 1.347644237041474e+18
6.0249999999999994e-05 1.1168946151565866e+18
6.05e-05 9.249729774378522e+17
6.075e-05 7.654658126959325e+17
6.1e-05 6.329981706631089e+17
6.125e-05 5.230690342538122e+17
6.149999999999999e-05 4.319121922675e+17
6.175e-05 3.563787607485331e+17
6.2e-05 2.938380671368226e+17
6.225e-05 2.4209409663540688e+17
6.25e-05 1.9931511598200154e+17
6.275e-05 1.639744456688878e+17
6.3e-05 1.3480065595513723e+17
6.324999999999999e-05 1.1073572198399664e+17
6.35e-05 9.089989520760614e+16
6.374999999999999e-05 7.4562237532961e+16
6.4e-05 6.111592580006606e+16
6.425e-05 5.005757140650468e+16
6.45e-05 4.0969916565873944e+16
6.475e-05 3.3507367811425532e+16
6.5e-05 2.7383911493178464e+16
6.525e-05 2.2363027367293624e+16
6.549999999999999e-05 1.8249276828508772e+16
6.575e-05 1.4881293507946344e+16
6.599999999999999e-05 1.2125947234955006e+16
6.625e-05 9873488927743684.0
6.65e-05 8033514845896926.0
6.675e-05 6531614672703901.0
6.7e-05 5306589833632566.0
6.725e-05 4308146927149830.0
6.75e-05 3494986679844913.5
6.775e-05 2833221893852653.5
6.8e-05 2295068816874067.0
6.824999999999999e-05 1857765561196636.8
6.85e-05 1502678905710630.8
6.874999999999999e-05 1214567269187345.2
6.9e-05 980973043032207.4
6.925e-05 791721985570885.4
6.95e-05 638511149735292.8
6.975e-05 514569961649679.5
7e-05 414381690106050.25
7.025e-05 333454731340976.3
7.049999999999999e-05 268134951458686.72
7.075e-05 215451840448011.44
7.099999999999999e-05 172992487530189.1
7.125e-05 138798429930227.55
7.15e-05 111281291605975.92
7.175e-05 89153844738456.28
7.2e-05 71373719765449.64
7.225e-05 57097480223064.6
7.25e-05 45643184011161.41
7.274999999999999e-05 36459887403738.97
7.3e-05 29102824257928.72
7.324999999999999e-05 23213220488296.42
7.35e-05 18501891330220.85
7.374999999999999e-05 14735923168558.734
7.4e-05 11727868527987.822
7.425e-05 9326986998292.041
7.45e-05 7412150370859.272
7.475e-05 5886100378975.343
7.5e-05 4670804883816.639
7.525e-05 3703705378511.215
7.549999999999999e-05 2934687150920.5835
7.575e-05 2323634883862.839
7.599999999999999e-05 1838462142270.8271
7.625e-05 1453524140436.6868
7.65e-05 1148340254991.8914
7.675e-05 906566654336.2034
7.7e-05 715170730912.3202
7.725e-05 563768223422.761
7.75e-05 444091390783.6639
7.774999999999999e-05 349562666968.0093
7.8e-05 274953146729.6187
7.824999999999999e-05 216109239809.23712
7.85e-05 169734059871.40216
7.874999999999999e-05 133212726361.96605
7.9e-05 104472868734.52522
7.925e-05 81873327614.31041
7.95e-05 64115423424.523895
7.975e-05 50172272406.76401
7.999999999999999e-05 39232523712.24015
8.025e-05 30655610645.954506
8.049999999999999e-05 23936187736.647823
8.075e-05 18675890256.096195
8.099999999999999e-05 14560926131.043074
8.125e-05 11344309688.761717
8.15e-05 8831786751.258497
8.175e-05 6870692874.057674
8.2e-05 5341140400.143554
8.225e-05 4149053037.27025
8.25e-05 3220664965.9122195
8.274999999999999e-05 2498179954.755596
8.3e-05 1936348549.189554
8.324999999999999e-05 1499771278.6431658
8.35e-05 1160775548.3614643
8.375e-05 897745483.9970621
8.4e-05 693809121.2699589
8.425e-05 535807289.7423288
8.45e-05 413484379.13023096
8.475e-05 318853737.70566607
8.499999999999999e-05 245700405.5542972
8.525e-05 189191765.73719442
8.549999999999999e-05 145572930.37598565
8.575e-05 111928606.24667421
8.599999999999999e-05 85997076.21891287
8.625e-05 66025004.0420209
8.65e-05 50654191.60271825
8.675e-05 38833325.68188618
8.7e-05 29749253.1750159
8.724999999999999e-05 22773505.132902585
8.75e-05 17420718.48133312
8.774999999999999e-05 13316333.431982584
8.8e-05 10171516.736725233
8.824999999999999e-05 7763709.510737412
8.85e-05 5921549.758217104
8.875e-05 4513194.802048484
8.9e-05 3437283.955605371
8.925e-05 2615949.9025303014
8.95e-05 1989418.5345117978
8.975e-05 1511839.4289244253
8.999999999999999e-05 1148069.0041108788
9.025e-05 871190.5956160324
9.049999999999999e-05 660604.114028623
9.075e-05 500555.600140766
9.099999999999999e-05 379006.25460756465
9.125e-05 286763.2398945101
9.15e-05 216812.17996276982
9.175e-05 163804.94849678478
9.2e-05 123666.92166881065
9.224999999999999e-05 93296.06415825222
9.25e-05 70332.5530681188
9.274999999999999e-05 52982.540410581816
9.3e-05 39883.43517192677
9.324999999999999e-05 30001.002521839382
9.35e-05 22550.82607529217
9.375e-05 16938.4109579839
9.4e-05 12713.538357632187
9.425e-05 9535.507330799437
9.449999999999999e-05 7146.687347875512
9.475e-05 5352.4098832128975
9.499999999999999e-05 4005.69138627945
9.525e-05 2995.635695457941
9.549999999999999e-05 2238.6364397413668
9.575e-05 1671.7085284429277
9.6e-05 1247.4373269977161
9.625e-05 930.1560003446324
9.65e-05 693.0545707828226
9.675e-05 515.9952415746217
9.7e-05 383.8626669617907
9.724999999999999e-05 285.31908072443696
9.75e-05 211.865576295637
9.774999999999999e-05 157.13469474457372
9.8e-05 116.35760717467294
9.824999999999999e-05 85.96293895557164
9.85e-05 63.274715767080394
9.875e-05 46.28480945854645
9.9e-05 33.48122955415435
9.925e-05 23.718103042935656
9.949999999999999e-05 16.116558748322205
9.975e-05 9.988245414684343
9.999999999999999e-05 4.775061038411354
