2.5e-07 4.858989104820618e+28
5e-07 4.78102089199288e+28
7.5e-07 4.703136392224312e+28
1e-06 4.625365290043578e+28
1.2499999999999999e-06 4.547737140030617e+28
1.5e-06 4.470281333123614e+28
1.75e-06 4.393027063238279e+28
2e-06 4.316003294262461e+28
2.25e-06 4.239238727488338e+28
2.4999999999999998e-06 4.162761769543216e+28
2.75e-06 4.08660050087859e+28
3e-06 4.010782644875687e+28
3.25e-06 3.9353355376241e+28
3.5e-06 3.8602860984282606e+28
3.7499999999999997e-06 3.785660801094689e+28
4e-06 3.71148564605082e+28
4.25e-06 3.637786133344111e+28
4.5e-06 3.5645872365677784e+28
4.749999999999999e-06 3.4919133777571535e+28
4.9999999999999996e-06 3.419788403298116e+28
5.25e-06 3.3482355608865044e+28
5.5e-06 3.2772774775746627e+28
5.75e-06 3.206936138938567e+28
6e-06 3.1372328693961375e+28
6.2499999999999995e-06 3.0681883137044435e+28
6.5e-06 2.99982241966057e+28
6.75e-06 2.932154422027973e+28
7e-06 2.8652028277070855e+28
7.25e-06 2.7989854021659633e+28
7.499999999999999e-06 2.7335191571436886e+28
7.75e-06 2.6688203396362132e+28
8e-06 2.604904422171301e+28
8.249999999999999e-06 2.5417860943761837e+28
8.5e-06 2.4794792558385776e+28
8.75e-06 2.4179970102587413e+28
9e-06 2.3573516608873207e+28
9.25e-06 2.2975547072408884e+28
9.499999999999999e-06 2.2386168430842557e+28
9.75e-06 2.1805479556659034e+28
9.999999999999999e-06 2.1233571261902164e+28
1.025e-05 2.0670526315076027e+28
1.05e-05 2.011641947001119e+28
1.0749999999999999e-05 1.9571317506457615e+28
1.1e-05 1.903527928214349e+28
1.1249999999999999e-05 1.8508355796016651e+28
1.15e-05 1.7990590262364854e+28
1.175e-05 1.7482018195491077e+28
1.2e-05 1.6982667504601862e+28
1.225e-05 1.649255859854906e+28
1.2499999999999999e-05 1.6011704500049578e+28
1.275e-05 1.5540110968992851e+28
1.3e-05 1.5077776634432251e+28
1.325e-05 1.462469313484469e+28
1.35e-05 1.4180845266231734e+28
1.3749999999999999e-05 1.3746211137626155e+28
1.4e-05 1.3320762333559778e+28
1.4249999999999999e-05 1.2904464083041602e+28
1.45e-05 1.2497275434589907e+28
1.475e-05 1.2099149436857807e+28
1.4999999999999999e-05 1.1710033324389008e+28
1.525e-05 1.1329868708038947e+28
1.55e-05 1.095859176959638e+28
1.575e-05 1.0596133460141252e+28
1.6e-05 1.0242419701677106e+28
1.625e-05 9.897371591579545e+27
1.6499999999999998e-05 9.56090560940682e+27
1.675e-05 9.232933825624102e+27
1.7e-05 8.913364111799839e+27
1.725e-05 8.602100351840046e+27
1.75e-05 8.299042653835158e+27
1.7749999999999998e-05 8.004087562103484e+27
1.8e-05 7.717128269025685e+27
1.825e-05 7.438054826275938e+27
1.85e-05 7.166754355067298e+27
1.875e-05 6.903111255041343e+27
1.8999999999999998e-05 6.64700741144556e+27
1.925e-05 6.398322400255614e+27
1.95e-05 6.156933690914004e+27
1.975e-05 5.92271684637148e+27
1.9999999999999998e-05 5.695545720132664e+27
2.0249999999999998e-05 5.475292650022994e+27
2.05e-05 5.261828648409779e+27
2.075e-05 5.055023588626384e+27
2.1e-05 4.854746387364673e+27
2.1249999999999998e-05 4.6608651828171973e+27
2.1499999999999997e-05 4.473247508367177e+27
2.175e-05 4.2917604616405557e+27
2.2e-05 4.116270868751003e+27
2.225e-05 3.946645443584938e+27
2.2499999999999998e-05 3.7827509419899627e+27
2.2749999999999997e-05 3.624454310745977e+27
2.3e-05 3.4716228312142015e+27
2.325e-05 3.3241242575747915e+27
2.35e-05 3.181826949579046e+27
2.3749999999999998e-05 3.044599999757095e+27
2.4e-05 2.912313355036582e+27
2.425e-05 2.784837932741974e+27
2.45e-05 2.662045730957924e+27
2.475e-05 2.543809933253384e+27
2.4999999999999998e-05 2.430005007776028e+27
2.525e-05 2.320506800738856e+27
2.55e-05 2.2151926243326824e+27
2.575e-05 2.1139413391095005e+27
2.6e-05 2.0166334308924677e+27
2.6249999999999998e-05 1.9231510822784524e+27
2.65e-05 1.8333782388086959e+27
2.675e-05 1.7472006698922295e+27
2.7e-05 1.6645060245751328e+27
2.7249999999999998e-05 1.585183882256642e+27
2.7499999999999998e-05 1.5091257984604352e+27
2.775e-05 1.436225345776151e+27
2.8e-05 1.3663781500923736e+27
2.825e-05 1.2994819222479123e+27
2.8499999999999998e-05 1.2354364852332228e+27
2.8749999999999997e-05 1.174143797078304e+27
2.9e-05 1.1155079695673336e+27
2.925e-05 1.05943528292369e+27
2.95e-05 1.0058341966118925e+27
2.9749999999999998e-05 9.546153564053468e+26
2.9999999999999997e-05 9.056915978706717e+26
3.025e-05 8.589779464207471e+26
3.05e-05 8.143916140895987e+26
3.0749999999999995e-05 7.718519931826845e+26
3.1e-05 7.31280646956255e+26
3.125e-05 6.926012974790884e+26
3.15e-05 6.557398108292056e+26
3.175e-05 6.206241797770651e+26
3.2e-05 5.871845041053017e+26
3.225e-05 5.5535296871333456e+26
3.25e-05 5.250638196530744e+26
3.2749999999999996e-05 4.9625333823963626e+26
3.2999999999999996e-05 4.688598133783429e+26
3.325e-05 4.4282351224644506e+26
3.35e-05 4.180866494649155e+26
3.375e-05 3.9459335489238845e+26
3.4e-05 3.722896401698503e+26
3.425e-05 3.511233641410696e+26
3.45e-05 3.3104419726997374e+26
3.475e-05 3.120035851722879e+26
3.5e-05 2.9395471137474652e+26
3.5249999999999996e-05 2.7685245941108933e+26
3.5499999999999996e-05 2.606533743598881e+26
3.575e-05 2.453156239250204e+26
3.6e-05 2.3079895915534157e+26
3.625e-05 2.1706467489580722e+26
3.65e-05 2.0407557005799443e+26
3.675e-05 1.9179590779365794e+26
3.7e-05 1.8019137565066926e+26
3.725e-05 1.692290457864137e+26
3.75e-05 1.588773353094933e+26
3.7749999999999996e-05 1.4910596681639753e+26
3.7999999999999995e-05 1.3988592918567883e+26
3.825e-05 1.3118943868810932e+26
3.85e-05 1.2298990046731232e+26
3.875e-05 1.1526187044145709e+26
3.9e-05 1.0798101767279471e+26
3.925e-05 1.0112408724809431e+26
3.95e-05 9.466886370942384e+25
3.975e-05 8.8594135071209e+25
3.9999999999999996e-05 8.287965745610497e+25
4.0249999999999996e-05 7.75061203789311e+25
4.0499999999999995e-05 7.245511270474841e+25
4.075e-05 6.770908930411424e+25
4.1e-05 6.32513384256196e+25
4.125e-05 5.906594980301172e+25
4.15e-05 5.513778351152462e+25
4.175e-05 5.145243958548512e+25
4.2e-05 4.799622840683066e+25
4.225e-05 4.475614187186909e+25
4.2499999999999996e-05 4.171982534142585e+25
4.2749999999999996e-05 3.887555037746418e+25
4.2999999999999995e-05 3.6212188267321398e+25
4.325e-05 3.371918433488377e+25
4.35e-05 3.1386533036316067e+25
4.375e-05 2.920475383637191e+25
4.4e-05 2.716486785983143e+25
4.425e-05 2.525837531124302e+25
4.45e-05 2.347723365488195e+25
4.475e-05 2.1813836545677855e+25
4.4999999999999996e-05 2.026099350080168e+25
4.5249999999999995e-05 1.8811910300637924e+25
4.5499999999999995e-05 1.7460170106995882e+25
4.575e-05 1.6199715285630613e+25
4.6e-05 1.5024829919447493e+25
4.625e-05 1.3930122998148913e+25
4.65e-05 1.2910512269544497e+25
4.675e-05 1.1961208737284417e+25
4.7e-05 1.1077701789383454e+25
4.7249999999999997e-05 1.0255744941579616e+25
4.7499999999999996e-05 9.491342179310072e+24
4.7749999999999995e-05 8.780734881886751e+24
4.8e-05 8.120389312309208e+24
4.825e-05 7.506984656061094e+24
4.85e-05 6.937401592194261e+24
4.875e-05 6.408711380008636e+24
4.9e-05 5.918165444682601e+24
4.925e-05 5.463185445295099e+24
4.95e-05 5.04135380880355e+24
4.9749999999999996e-05 4.650404713698017e+24
4.9999999999999996e-05 4.288215507239322e+24
5.0249999999999995e-05 3.9527985404036206e+24
5.05e-05 3.642293404896242e+24
5.075e-05 3.354959556860416e+24
5.1e-05 3.089169312189623e+24
5.125e-05 2.843401198653212e+24
5.15e-05 2.616233650361626e+24
5.175e-05 2.406339030427763e+24
5.2e-05 2.2124779680228073e+24
5.2249999999999996e-05 2.0334939963763427e+24
5.2499999999999995e-05 1.8683084786300284e+24
5.2749999999999995e-05 1.715915808819795e+24
5.3e-05 1.5753788756319514e+24
5.325e-05 1.4458247769523067e+24
5.35e-05 1.326440773602985e+24
5.375e-05 1.2164704710379205e+24
5.4e-05 1.1152102181437848e+24
5.425e-05 1.0220057126673228e+24
5.4499999999999997e-05 9.362488031617668e+23
5.4749999999999996e-05 8.573744777132707e+23
5.4999999999999995e-05 7.848580300723132e+23
5.5249999999999994e-05 7.182123941740992e+23
5.55e-05 6.56985638385417e+23
5.575e-05 6.007586111626408e+23
5.6e-05 5.491427301460725e+23
5.625e-05 5.0177790704913065e+23
5.65e-05 4.583306010266523e+23
5.675e-05 4.184919935244128e+23
5.6999999999999996e-05 3.819762779216066e+23
5.7249999999999996e-05 3.485190575792695e+23
5.7499999999999995e-05 3.178758462002222e+23
5.7749999999999994e-05 2.898206646899916e+23
5.8e-05 2.6414472898316452e+23
5.825e-05 2.4065522356573484e+23
5.85e-05 2.1917415568114908e+23
5.875e-05 1.995372854559694e+23
5.9e-05 1.8159312742037616e+23
5.925e-05 1.6520201912918317e+23
5.9499999999999996e-05 1.5023525281072764e+23
5.9749999999999995e-05 1.365742661840212e+23
5.9999999999999995e-05 1.2410988878903633e+23
6.0249999999999994e-05 1.1274164037109568e+23
6.05e-05 1.0237707804818468e+23
6.075e-05 9.293118916979368e+22
6.1e-05 8.432582694779409e+22
6.125e-05 7.648918610405701e+22
6.149999999999999e-05 6.935531593623371e+22
6.175e-05 6.286366835253844e+22
6.2e-05 5.695867856872355e+22
6.225e-05 5.158937629592607e+22
6.25e-05 4.670902537691902e+22
6.275e-05 4.2274789950737e+22
6.3e-05 3.824742534189117e+22
6.324999999999999e-05 3.4590991980663656e+22
6.35e-05 3.1272590765499875e+22
6.374999999999999e-05 2.8262118377519986e+22
6.4e-05 2.5532041150865277e+22
6.425e-05 2.3057186191200206e+22
6.45e-05 2.081454851841603e+22
6.475e-05 1.8783113088639342e+22
6.5e-05 1.6943690625241003e+22
6.525e-05 1.5278766258870058e+22
6.549999999999999e-05 1.3772360042797716e+22
6.575e-05 1.2409898472239796e+22
6.599999999999999e-05 1.1178096195016348e+22
6.625e-05 1.0064847156085434e+22
6.65e-05 9.059124470327589e+21
6.675e-05 8.150888366626889e+21
6.7e-05 7.33100159195697e+21
6.725e-05 6.591151706992134e+21
6.75e-05 5.923779744876069e+21
6.775e-05 5.322014742339258e+21
6.8e-05 4.779613687499882e+21
6.824999999999999e-05 4.2909064615461016e+21
6.85e-05 3.8507453822080076e+21
6.874999999999999e-05 3.4544589856078294e+21
6.9e-05 3.0978097098444835e+21
6.925e-05 2.7769551686348586e+21
6.95e-05 2.48841272660597e+21
6.975e-05 2.2290271095110862e+21
7e-05 1.9959408028250929e+21
7.025e-05 1.7865670109521626e+21
7.049999999999999e-05 1.5985649667388209e+21
7.075e-05 1.4298173972106463e+21
7.099999999999999e-05 1.278409966519271e+21
7.125e-05 1.1426125310721971e+21
7.15e-05 1.0208620547912418e+21
7.175e-05 9.117470444723777e+20
7.2e-05 8.139933763628423e+20
7.225e-05 7.264513953895285e+20
7.25e-05 6.480841780214209e+20
7.274999999999999e-05 5.779568585804158e+20
7.3e-05 5.152269269784775e+20
7.324999999999999e-05 4.591354134009093e+20
7.35e-05 4.089988824189768e+20
7.374999999999999e-05 3.642021654409033e+20
7.4e-05 3.241917663365712e+20
7.425e-05 2.8846988053383453e+20
7.45e-05 2.5658897291668888e+20
7.475e-05 2.2814686448893886e+20
7.5e-05 2.0278228203074014e+20
7.525e-05 1.8017082889679585e+20
7.549999999999999e-05 1.6002133870956328e+20
7.575e-05 1.4207257701237906e+20
7.599999999999999e-05 1.2609025898808928e+20
7.625e-05 1.1186435413924048e+20
7.65e-05 9.920665138534103e+19
7.675e-05 8.794856037901687e+19
7.7e-05 7.793912699265252e+19
7.725e-05 6.904324289574909e+19
7.75e-05 6.114003094504435e+19
7.774999999999999e-05 5.4121389757696066e+19
7.8e-05 4.78906823448178e+19
7.824999999999999e-05 4.236155505976274e+19
7.85e-05 3.745687437331065e+19
7.874999999999999e-05 3.310777013607024e+19
7.9e-05 2.925277503597141e+19
7.925e-05 2.5837050914005422e+19
7.95e-05 2.2811693472057668e+19
7.975e-05 2.0133107699849015e+19
7.999999999999999e-05 1.7762447070188503e+19
8.025e-05 1.5665110208959203e+19
8.049999999999999e-05 1.3810289344049881e+19
8.075e-05 1.2170565380904655e+19
8.099999999999999e-05 1.0721544946179256e+19
8.125e-05 9.441535189473614e+18
8.15e-05 8.31125254021259e+18
8.175e-05 7.313561986103047e+18
8.2e-05 6.43324377453649e+18
8.225e-05 5.656784741888207e+18
8.25e-05 4.972191750684643e+18
8.274999999999999e-05 4.3688249636337454e+18
8.3e-05 3.8372489088842255e+18
8.324999999999999e-05 3.369099494744448e+18
8.35e-05 2.9569653164113654e+18
8.375e-05 2.594281763826354e+18
8.4e-05 2.2752365902240745e+18
8.425e-05 1.9946857367654374e+18
8.45e-05 1.7480783312081853e+18
8.475e-05 1.531389889109419e+18
8.499999999999999e-05 1.3410628457044196e+18
8.525e-05 1.1739536363946056e+18
8.549999999999999e-05 1.0272856246412649e+18
8.575e-05 8.986072488526307e+17
8.599999999999999e-05 7.857548253443241e+17
8.625e-05 6.868195033505923e+17
8.65e-05 6.00117921004796e+17
8.675e-05 5.241661587718631e+17
8.7e-05 4.57656629528519e+17
8.724999999999999e-05 3.9943758282554054e+17
8.75e-05 3.484949352617027e+17
8.774999999999999e-05 3.039361697423525e+17
8.8e-05 2.649760740404088e+17
8.824999999999999e-05 2.3092411384392858e+17
8.85e-05 2.0117325765150512e+17
8.875e-05 1.751900907259432e+17
8.9e-05 1.525060730739089e+17
8.925e-05 1.3270981229758352e+17
8.95e-05 1.1544023635589763e+17
8.975e-05 1.0038056395093477e+17
8.999999999999999e-05 8.725298157569693e+16
9.025e-05 7.581394636322227e+16
9.049999999999999e-05 6.58500428906274e+16
9.075e-05 5.717433012889864e+16
9.099999999999999e-05 4.962312189259953e+16
9.125e-05 4.3053150525147336e+16
9.15e-05 3.733906923763794e+16
9.175e-05 3.237125357661595e+16
9.2e-05 2.8053866995330652e+16
9.224999999999999e-05 2.4303159503653944e+16
9.25e-05 2.104597192754876e+16
9.274999999999999e-05 1.8218421467772036e+16
9.3e-05 1.5764747052375654e+16
9.324999999999999e-05 1.3636295467015698e+16
9.35e-05 1.1790631455529454e+16
9.375e-05 1.0190756941476412e+16
9.4e-05 8804426256881706.0
9.425e-05 7603545801844790.0
9.449999999999999e-05 6563647919924481.0
9.475e-05 5663429978861779.0
9.499999999999999e-05 4884350711712398.0
9.525e-05 4210276815391295.5
9.549999999999999e-05 3627173635840471.0
9.575e-05 3122834503854990.0
9.6e-05 2686643934013514.0
9.625e-05 2309370470912232.5
9.65e-05 1982985470657660.2
9.675e-05 1700504549020765.8
9.7e-05 1455848817606629.0
9.724999999999999e-05 1243723371882991.2
9.75e-05 1059510795272526.1
9.774999999999999e-05 899177706456110.2
9.8e-05 759192606706618.8
9.824999999999999e-05 636453484120754.1
9.85e-05 528223805234628.75
9.875e-05 432075674485348.25
9.9e-05 345839070736948.8
9.925e-05 267556179713681.22
9.949999999999999e-05 195439933463662.47
9.975e-05 127835944421623.02
9.999999999999999e-05 63187083506744.914
