2.5e-07 4.556636436457758e+28
5e-07 4.3129520079555014e+28
7.5e-07 4.071853319702907e+28
1e-06 3.8342203546292046e+28
1.2499999999999999e-06 3.600894271212865e+28
1.5e-06 3.3726685020195667e+28
1.75e-06 3.1502807335161235e+28
2e-06 2.934405900762085e+28
2.25e-06 2.7256503047309962e+28
2.4999999999999998e-06 2.524546931937568e+28
2.75e-06 2.331552026646291e+28
3e-06 2.147042936132986e+28
3.25e-06 1.9713172201695377e+28
3.5e-06 1.8045929879614203e+28
3.7499999999999997e-06 1.6470103999664602e+28
4e-06 1.4986342490358537e+28
4.25e-06 1.3594575156938232e+28
4.5e-06 1.2294057765198526e+28
4.749999999999999e-06 1.1083423327790959e+28
4.9999999999999996e-06 9.960739187749437e+27
5.25e-06 8.923568458409719e+27
5.5e-06 7.969034382813134e+27
5.75e-06 7.093886216232474e+27
6e-06 6.294565308771171e+27
6.2499999999999995e-06 5.567270166413051e+27
6.5e-06 4.9080193932241764e+27
6.75e-06 4.312711559092583e+27
7e-06 3.777181190801472e+27
7.25e-06 3.2972502438494204e+27
7.499999999999999e-06 2.8687745730480843e+27
7.75e-06 2.4876850768003215e+27
8e-06 2.1500233389397155e+27
8.249999999999999e-06 1.851971729628455e+27
8.5e-06 1.5898780503329784e+27
8.75e-06 1.3602749153488533e+27
9e-06 1.1598941524930056e+27
9.25e-06 9.856765778880292e+26
9.499999999999999e-06 8.347775543325285e+26
9.75e-06 7.045687802415841e+26
9.999999999999999e-06 5.926367776740773e+26
1.025e-05 4.967785550241127e+26
1.05e-05 4.149949142909216e+26
1.0749999999999999e-05 3.454818563702249e+26
1.1e-05 2.8662051252042208e+26
1.1249999999999999e-05 2.3696599803419148e+26
1.15e-05 1.9523554710099023e+26
1.175e-05 1.602962476589722e+26
1.2e-05 1.3115265331360494e+26
1.225e-05 1.069345075499102e+26
1.2499999999999999e-05 8.68847746714658e+25
1.275e-05 7.034813312233875e+25
1.3e-05 5.676005082638666e+25
1.325e-05 4.563652943997531e+25
1.35e-05 3.6564575294429517e+25
1.3749999999999999e-05 2.919342946788869e+25
1.4e-05 2.3226567890690637e+25
1.4249999999999999e-05 1.841446455126414e+25
1.45e-05 1.4548096532947583e+25
1.475e-05 1.1453158507659406e+25
1.4999999999999999e-05 8.984946123262725e+24
1.525e-05 7.023862103004384e+24
1.55e-05 5.471495471873185e+24
1.575e-05 4.247222783740343e+24
1.6e-05 3.2852802069359473e+24
1.625e-05 2.5322565197289506e+24
1.6499999999999998e-05 1.944959185144321e+24
1.675e-05 1.4886084632386023e+24
1.7e-05 1.1353177589757395e+24
1.725e-05 8.62821909858412e+23
1.75e-05 6.534187369331028e+23
1.7749999999999998e-05 4.930927937729541e+23
1.8e-05 3.707937564249386e+23
1.825e-05 2.7784523356424158e+23
1.85e-05 2.0746289194726835e+23
1.875e-05 1.543636572977046e+23
1.8999999999999998e-05 1.1445034926529121e+23
1.925e-05 8.455843701164082e+22
1.95e-05 6.225366423755542e+22
1.975e-05 4.567110063609389e+22
1.9999999999999998e-05 3.3387747008823993e+22
2.0249999999999998e-05 2.432217272061737e+22
2.05e-05 1.7655817456329505e+22
2.075e-05 1.2771565537391752e+22
2.1e-05 9.206021191452878e+21
2.1249999999999998e-05 6.612597063537007e+21
2.1499999999999997e-05 4.733094515408967e+21
2.175e-05 3.3759199171702764e+21
2.2e-05 2.399461534369337e+21
2.225e-05 1.6994603719027712e+21
2.2499999999999998e-05 1.1994573807566366e+21
2.2749999999999997e-05 8.435990909554826e+20
2.3e-05 5.91242846162128e+20
2.325e-05 4.1292887821536893e+20
2.35e-05 2.8738576881022308e+20
2.3749999999999998e-05 1.9931364084404683e+20
2.4e-05 1.3775002938739225e+20
2.425e-05 9.487034411430288e+19
2.45e-05 6.5111030059437195e+19
2.475e-05 4.4531284070646596e+19
2.4999999999999998e-05 3.0350350530019185e+19
2.525e-05 2.0613481756746564e+19
2.55e-05 1.395177557194058e+19
2.575e-05 9.41021318239324e+18
2.6e-05 6.325031442478045e+18
2.6249999999999998e-05 4.2366304387205965e+18
2.65e-05 2.827968642938854e+18
2.675e-05 1.8811619440720374e+18
2.7e-05 1.2470298950197852e+18
2.7249999999999998e-05 8.23812077134618e+17
2.7499999999999998e-05 5.423524423379767e+17
2.775e-05 3.558268968076034e+17
2.8e-05 2.3264904120505258e+17
2.825e-05 1.515900507665546e+17
2.8499999999999998e-05 9.843480959058405e+16
2.8749999999999997e-05 6.369963566238585e+16
2.9e-05 4.108063117980492e+16
2.925e-05 2.6402854647485068e+16
2.95e-05 1.6911417111795934e+16
2.9749999999999998e-05 1.0795088276430418e+16
2.9999999999999997e-05 6867382466783726.0
3.025e-05 4353884379488341.0
3.05e-05 2750964365553551.5
3.0749999999999995e-05 1732276721066143.5
3.1e-05 1087115373878114.9
3.125e-05 679926423648905.2
3.15e-05 423816617111834.06
3.175e-05 263284749701959.5
3.2e-05 163007275264175.0
3.225e-05 100582805841280.02
3.25e-05 61855441123047.95
3.2749999999999996e-05 37911539276568.52
3.2999999999999996e-05 23158276419532.473
3.325e-05 14098870694818.873
3.35e-05 8554757173953.866
3.375e-05 5173426826486.037
3.4e-05 3118158685322.3296
3.425e-05 1873136468278.562
3.45e-05 1121486288501.5354
3.475e-05 669227703078.5264
3.5e-05 398025878065.991
3.5249999999999996e-05 235943619971.6301
3.5499999999999996e-05 139401287214.7174
3.575e-05 82089770808.81131
3.6e-05 48181145767.662224
3.625e-05 28185980258.535416
3.65e-05 16434603529.285051
3.675e-05 9551190926.829927
3.7e-05 5532611525.173124
3.725e-05 3194326769.219417
3.75e-05 1838261051.4435058
3.7749999999999996e-05 1054425468.4154011
3.7999999999999995e-05 602847731.6683533
3.825e-05 343545774.28021634
3.85e-05 195141225.81975612
3.875e-05 110484942.69649203
3.9e-05 62351804.53682021
3.925e-05 35074303.143263854
3.95e-05 19666424.111219577
3.975e-05 10991584.81847789
3.9999999999999996e-05 6123448.132518799
4.0249999999999996e-05 3400437.8290616847
4.0499999999999995e-05 1882257.1805064972
4.075e-05 1038557.8238744925
4.1e-05 571205.3548847275
4.125e-05 313159.800201638
4.15e-05 171141.044669197
4.175e-05 93230.72797023701
4.2e-05 50627.09333869354
4.225e-05 27404.90091807996
4.2499999999999996e-05 14787.580074565361
4.2749999999999996e-05 7954.11608920686
4.2999999999999995e-05 4264.960373300723
4.325e-05 2279.652532527263
4.35e-05 1214.661367020546
4.375e-05 645.1742380176885
4.4e-05 341.61457134108895
4.425e-05 180.31658135585639
4.45e-05 94.8805499627294
4.475e-05 49.769504581436415
4.4999999999999996e-05 26.025338498469296
4.5249999999999995e-05 13.56684156177259
4.5499999999999995e-05 7.050384009393956
4.575e-05 3.652588960211988
4.6e-05 1.8864495911756232
4.625e-05 0.9712887172095147
4.65e-05 0.49855443787577275
4.675e-05 0.2551175301498615
4.7e-05 0.13014690997392692
4.7249999999999997e-05 0.0661904965159603
4.7499999999999996e-05 0.0335604681540018
4.7749999999999995e-05 0.01696419881995887
4.8e-05 0.008548975028291368
4.825e-05 0.004295092052531259
4.85e-05 0.002151349745106775
4.875e-05 0.00107431604727984
4.9e-05 0.0005348573796895853
4.925e-05 0.0002654796244911628
4.95e-05 0.00013137540201100511
4.9749999999999996e-05 6.481700673820234e-05
4.9999999999999996e-05 3.188293727522249e-05
5.0249999999999995e-05 1.5635958494694267e-05
5.05e-05 7.645218733458148e-06
5.075e-05 3.7269789154501717e-06
5.1e-05 1.8114567233344795e-06
5.125e-05 8.778198343053364e-07
5.15e-05 4.2412278880818946e-07
5.175e-05 2.043097126635717e-07
5.2e-05 9.812959275106752e-08
5.2249999999999996e-05 4.699232708389493e-08
5.2499999999999995e-05 2.243738669329611e-08
5.2749999999999995e-05 1.0681650196563619e-08
5.3e-05 5.070229069532257e-09
5.325e-05 2.3996193368528023e-09
5.35e-05 1.1323614068741081e-09
5.375e-05 5.327924856810081e-10
5.4e-05 2.4995615679845735e-10
5.425e-05 1.1692427653130822e-10
5.4499999999999997e-05 5.453596953360747e-11
5.4749999999999996e-05 2.536303770622559e-11
5.4999999999999995e-05 1.1761474333798284e-11
5.5249999999999994e-05 5.438347035792941e-12
5.55e-05 2.5073739492660116e-12
5.575e-05 1.1527117597230388e-12
5.6e-05 5.284137900177894e-13
5.625e-05 2.4153593193167273e-13
5.65e-05 1.1008950440634016e-13
5.675e-05 5.0034438258197537e-14
5.6999999999999996e-05 2.2675321764058507e-14
5.7249999999999996e-05 1.0247114325462317e-14
5.7499999999999995e-05 4.6175942696718845e-15
5.7749999999999994e-05 2.0749058540746657e-15
5.8e-05 9.297192586899452e-16
5.825e-05 4.1541141991394047e-16
5.85e-05 1.8508898487711477e-16
5.875e-05 8.223574227832534e-17
5.9e-05 3.643518023532264e-17
5.925e-05 1.6097700704228915e-17
5.9499999999999996e-05 7.09237601387698e-18
5.9749999999999995e-05 3.1160684418523226e-18
5.9999999999999995e-05 1.3652491268183355e-18
6.0249999999999994e-05 5.964978191426256e-19
6.05e-05 2.5989635781447663e-19
6.075e-05 1.1292451955827498e-19
6.1e-05 4.893001813539328e-20
6.125e-05 2.114286848696303e-20
6.149999999999999e-05 9.110793080642275e-21
6.175e-05 3.915205259757439e-21
6.2e-05 1.6778815406764205e-21
6.225e-05 7.170984666988868e-22
6.25e-05 3.0563941114627143e-22
6.275e-05 1.29913804164095e-22
6.3e-05 5.50704913041021e-23
6.324999999999999e-05 2.3281053234012328e-23
6.35e-05 9.81541423177368e-24
6.374999999999999e-05 4.127045790455761e-24
6.4e-05 1.7306007853644984e-24
6.425e-05 7.23741979344826e-25
6.45e-05 3.018576528477621e-25
6.475e-05 1.2556091599899403e-25
6.5e-05 5.20886272547777e-26
6.525e-05 2.1551117399085795e-26
6.549999999999999e-05 8.892777064779317e-27
6.575e-05 3.659721469061337e-27
6.599999999999999e-05 1.5021176880528165e-27
6.625e-05 6.149042036821267e-28
6.65e-05 2.510503399056861e-28
6.675e-05 1.0222715771445118e-28
6.7e-05 4.151701740674634e-29
6.725e-05 1.6816772839331558e-29
6.75e-05 6.793883274444193e-30
6.775e-05 2.7375034311712265e-30
6.8e-05 1.1001570448556795e-30
6.824999999999999e-05 4.409814953363923e-31
6.85e-05 1.76300669911689e-31
6.874999999999999e-05 7.030038702215085e-32
6.9e-05 2.795978733020947e-32
6.925e-05 1.1091355866954423e-32
6.95e-05 4.388461317208438e-33
6.975e-05 1.7318847735685867e-33
7e-05 6.817215466079352e-34
7.025e-05 2.6765697962651018e-34
7.049999999999999e-05 1.0481799915925501e-34
7.075e-05 4.094313643610494e-35
7.099999999999999e-05 1.59520502600487e-35
7.125e-05 6.199323075954804e-36
7.15e-05 2.40307092852785e-36
7.175e-05 9.291496385074814e-37
7.2e-05 3.5834692225917488e-37
7.225e-05 1.3785509616951501e-37
7.25e-05 5.289873479471166e-38
7.274999999999999e-05 2.024758520106431e-38
7.3e-05 7.73052253161152e-39
7.324999999999999e-05 2.944111816939859e-39
7.35e-05 1.1184375803403419e-39
7.374999999999999e-05 4.238218710931806e-40
7.4e-05 1.6020324086635754e-40
7.425e-05 6.040566969182481e-41
7.45e-05 2.271981190548096e-41
7.475e-05 8.524217578120653e-42
7.5e-05 3.190283138692439e-42
7.525e-05 1.1910526897272075e-42
7.549999999999999e-05 4.435697237761719e-43
7.575e-05 1.6478744482318648e-43
7.599999999999999e-05 6.106885404002988e-44
7.625e-05 2.257620640207397e-44
7.65e-05 8.325682090770632e-45
7.675e-05 3.06286920360795e-45
7.7e-05 1.1240327247602674e-45
7.725e-05 4.115034095654326e-46
7.75e-05 1.502844327253327e-46
7.774999999999999e-05 5.475234487540852e-47
7.8e-05 1.9899479077669242e-47
7.824999999999999e-05 7.214945144184139e-48
7.85e-05 2.6096290629079512e-48
7.874999999999999e-05 9.416315985611809e-49
7.9e-05 3.3895483612756897e-49
7.925e-05 1.2172037440921616e-49
7.95e-05 4.3606117479486395e-50
7.975e-05 1.5584623508530222e-50
7.999999999999999e-05 5.556636874404373e-51
8.025e-05 1.9764988854250948e-51
8.049999999999999e-05 7.013778248595283e-52
8.075e-05 2.4830212010277353e-52
8.099999999999999e-05 8.76968107525118e-53
8.125e-05 3.090040544533975e-53
8.15e-05 1.0862344901748654e-53
8.175e-05 3.8094655756557447e-54
8.2e-05 1.3328693778000707e-54
8.225e-05 4.652605311073448e-55
8.25e-05 1.6202869244341965e-55
8.274999999999999e-05 5.629589654186922e-56
8.3e-05 1.9514285268462648e-56
8.324999999999999e-05 6.748723744276378e-57
8.35e-05 2.3285508954574687e-57
8.375e-05 8.015800268453778e-58
8.4e-05 2.7530055676444086e-58
8.425e-05 9.43340150338352e-59
8.45e-05 3.225021010389053e-59
8.475e-05 1.1000229474702602e-59
8.499999999999999e-05 3.743500305013928e-60
8.525e-05 1.2710507487501691e-60
8.549999999999999e-05 4.305848581077973e-61
8.575e-05 1.455349867457085e-61
8.599999999999999e-05 4.9078446580475466e-62
8.625e-05 1.6513186530747948e-62
8.65e-05 5.543570600612934e-63
8.675e-05 1.856815824917463e-63
8.7e-05 6.205411009019276e-64
8.724999999999999e-05 2.0691723913200157e-64
8.75e-05 6.884130855364247e-65
8.774999999999999e-05 2.2852293407594666e-65
8.8e-05 7.569036651133914e-66
8.824999999999999e-05 2.5014018814058904e-66
8.85e-05 8.24822090709109e-67
8.875e-05 2.7137693892381526e-67
8.9e-05 8.908884536758233e-68
8.925e-05 2.9181885137247267e-68
8.95e-05 9.537726446227843e-69
8.975e-05 3.110425214727713e-69
8.999999999999999e-05 1.0121384475574953e-69
9.025e-05 3.286300002837122e-70
9.049999999999999e-05 1.0646907544123718e-70
9.075e-05 3.441839460424294e-71
9.099999999999999e-05 1.1102235698155009e-71
9.125e-05 3.5734263461996764e-72
9.15e-05 1.1476663081022906e-72
9.175e-05 3.677940314989622e-73
9.2e-05 1.1761258843900615e-73
9.224999999999999e-05 3.752881559501862e-74
9.25e-05 1.1949222754194069e-74
9.274999999999999e-05 3.7964704987623574e-75
9.3e-05 1.203615565285118e-75
9.324999999999999e-05 3.807717948410239e-76
9.35e-05 1.202022973164327e-76
9.375e-05 3.7864619176527455e-77
9.4e-05 1.1902249492084125e-77
9.425e-05 3.7333691579904074e-78
9.449999999999999e-05 1.1685600761170193e-78
9.475e-05 3.649901688348609e-79
9.499999999999999e-05 1.1376091776657945e-79
9.525e-05 3.5382505796424745e-80
9.549999999999999e-05 1.0981696612768282e-80
9.575e-05 3.4012411447401153e-81
9.6e-05 1.0512216634555486e-81
9.625e-05 3.2422152130023603e-82
9.65e-05 9.978879867204206e-83
9.675e-05 3.0648972694627534e-83
9.7e-05 9.393900881217767e-84
9.724999999999999e-05 2.8732518444070203e-84
9.75e-05 8.770024895262658e-85
9.774999999999999e-05 2.671339630227954e-85
9.8e-05 8.120079290635111e-86
9.824999999999999e-05 2.463179393757973e-86
9.85e-05 7.456553452730074e-87
9.875e-05 2.2526208873327774e-87
9.9e-05 6.791189529067084e-88
9.925e-05 2.043113916265297e-88
9.949999999999999e-05 6.130547850566546e-89
9.975e-05 1.823726154699354e-89
9.999999999999999e-05 5.008376681478505e-90
