2.5e-07 4.440373963118343e+28
5e-07 4.198460673613153e+28
7.5e-07 3.9595305226952642e+28
1e-06 3.7244398472808334e+28
1.2499999999999999e-06 3.494002465071763e+28
1.5e-06 3.2689812631035493e+28
1.75e-06 3.050080715410961e+28
2e-06 2.8379404501676846e+28
2.25e-06 2.6331299602727993e+28
2.4999999999999998e-06 2.4361445231729207e+28
2.75e-06 2.2474023666153732e+28
3e-06 2.067243087921714e+28
3.25e-06 1.8959273061201528e+28
3.5e-06 1.733637499687852e+28
3.7499999999999997e-06 1.5804799584498938e+28
4e-06 1.436487756970136e+28
4.25e-06 1.3016246390311679e+28
4.5e-06 1.1757896888769928e+28
4.749999999999999e-06 1.0588226549787604e+28
4.9999999999999996e-06 9.505097862325038e+27
5.25e-06 8.505900386224526e+27
5.5e-06 7.587615122727983e+27
5.75e-06 6.746879841437911e+27
6e-06 5.980054099940043e+27
6.2499999999999995e-06 5.283282801502888e+27
6.5e-06 4.6525572657570625e+27
6.75e-06 4.083772931560131e+27
7e-06 3.5727829648862854e+27
7.25e-06 3.1154472022488434e+27
7.499999999999999e-06 2.7076760169351506e+27
7.75e-06 2.345468846783153e+27
8e-06 2.02494726454704e+27
8.249999999999999e-06 1.742382601967071e+27
8.5e-06 1.494218254085636e+27
8.75e-06 1.2770868894829383e+27
9e-06 1.0878228739980699e+27
9.25e-06 9.23470279874577e+26
9.499999999999999e-06 7.812868994375708e+26
9.75e-06 6.587447131962568e+26
9.999999999999999e-06 5.5352727791215253e+26
1.025e-05 4.6352450223949375e+26
1.05e-05 3.8682526781226226e+26
1.0749999999999999e-05 3.217083340329868e+26
1.1e-05 2.666319372668755e+26
1.1249999999999999e-05 2.202224615850078e+26
1.15e-05 1.8126252046256162e+26
1.175e-05 1.486787486089341e+26
1.2e-05 1.2152956189199848e+26
1.225e-05 9.89931024194113e+25
1.2499999999999999e-05 8.035554633887314e+25
1.275e-05 6.499991467945562e+25
1.3e-05 5.239549322674274e+25
1.325e-05 4.208793645454322e+25
1.35e-05 3.369010319281909e+25
1.3749999999999999e-05 2.687364810366781e+25
1.4e-05 2.136137313854563e+25
1.4249999999999999e-05 1.6920326824856061e+25
1.45e-05 1.3355626258263624e+25
1.475e-05 1.050496677693972e+25
1.4999999999999999e-05 8.233777143535525e+24
1.525e-05 6.430973316626996e+24
1.55e-05 5.005261206644592e+24
1.575e-05 3.881937840104285e+24
1.6e-05 3.0001407758503503e+24
1.625e-05 2.3104971282704065e+24
1.6499999999999998e-05 1.7731258849730812e+24
1.675e-05 1.355950122620192e+24
1.7e-05 1.0332790203604685e+24
1.725e-05 7.846230745591176e+23
1.75e-05 5.9370949170200084e+23
1.7749999999999998e-05 4.476682680645191e+23
1.8e-05 3.363628708087509e+23
1.825e-05 2.5184265449098548e+23
1.85e-05 1.878971381531936e+23
1.875e-05 1.3969500635688995e+23
1.8999999999999998e-05 1.0349317122562247e+23
1.925e-05 7.64034408966236e+22
1.95e-05 5.620628988798025e+22
1.975e-05 4.12029317465596e+22
1.9999999999999998e-05 3.0098370901179967e+22
2.0249999999999998e-05 2.19093782718963e+22
2.05e-05 1.5892414423057102e+22
2.075e-05 1.148743564683319e+22
2.1e-05 8.274282559661391e+21
2.1249999999999998e-05 5.938986785134489e+21
2.1499999999999997e-05 4.247856900918606e+21
2.175e-05 3.027636276405439e+21
2.2e-05 2.1503772751091388e+21
2.225e-05 1.52196140648103e+21
2.2499999999999998e-05 1.0734246160681713e+21
2.2749999999999997e-05 7.544306918082202e+20
2.3e-05 5.283820125277575e+20
2.325e-05 3.687725688172894e+20
2.35e-05 2.5647920771240906e+20
2.3749999999999998e-05 1.777582589114801e+20
2.4e-05 1.2277010124789752e+20
2.425e-05 8.449710063828256e+19
2.45e-05 5.7953352585374106e+19
2.475e-05 3.960993372995655e+19
2.4999999999999998e-05 2.697861928897741e+19
2.525e-05 1.831161571333827e+19
2.55e-05 1.2385863022345243e+19
2.575e-05 8.34871984928557e+18
2.6e-05 5.608011385991283e+18
2.6249999999999998e-05 3.7540034816189926e+18
2.65e-05 2.5042556949481006e+18
2.675e-05 1.664801040671028e+18
2.7e-05 1.102927987088281e+18
2.7249999999999998e-05 7.281730991090666e+17
2.7499999999999998e-05 4.7910013002623936e+17
2.775e-05 3.141403216997514e+17
2.8e-05 2.0527137584858774e+17
2.825e-05 1.3367248284624752e+17
2.8499999999999998e-05 8.674933807600699e+16
2.8749999999999997e-05 5.610512063436463e+16
2.9e-05 3.616201907042746e+16
2.925e-05 2.3228350204463828e+16
2.95e-05 1.4869668534210918e+16
2.9749999999999998e-05 9486437779390518.0
2.9999999999999997e-05 6031505573213479.0
3.025e-05 3821824696969744.0
3.05e-05 2413459584417934.5
3.0749999999999995e-05 1518921523389667.2
3.1e-05 952705112351761.9
3.125e-05 595540556795498.8
3.15e-05 371018638369954.7
3.175e-05 230363419334729.6
3.2e-05 142549793453914.06
3.225e-05 87913759845836.78
3.25e-05 54036376028579.43
3.2749999999999996e-05 33102180642893.16
3.2999999999999996e-05 20210169920713.48
3.325e-05 12297823469155.191
3.35e-05 7458190034199.093
3.375e-05 4508037512091.127
3.4e-05 2715766844597.7217
3.425e-05 1630610890850.4421
3.45e-05 975805171890.7083
3.475e-05 582013219954.3014
3.5e-05 345988440159.353
3.5249999999999996e-05 204998835618.1373
3.5499999999999996e-05 121061022565.97687
3.575e-05 71256174529.43506
3.6e-05 41803051370.896225
3.625e-05 24443471504.762146
3.65e-05 14245881340.504267
3.675e-05 8275408127.262527
3.7e-05 4791431872.405584
3.725e-05 2765152929.8631935
3.75e-05 1590571110.200887
3.7749999999999996e-05 911946340.4266586
3.7999999999999995e-05 521158604.6316924
3.825e-05 296863739.9799533
3.85e-05 168551724.53526717
3.875e-05 95389428.77965364
3.9e-05 53809691.69805721
3.925e-05 30256325.319751736
3.95e-05 16957799.710912548
3.975e-05 9473766.874066994
3.9999999999999996e-05 5275674.510164349
4.0249999999999996e-05 2928448.854133893
4.0499999999999995e-05 1620331.5687105982
4.075e-05 893673.7454751786
4.1e-05 491320.88294311543
4.125e-05 269255.65597972006
4.15e-05 147088.9702228257
4.175e-05 80096.45992885438
4.2e-05 43477.72021991943
4.225e-05 23525.709180377253
4.2499999999999996e-05 12689.47048194749
4.2749999999999996e-05 6822.9374887124195
4.2999999999999995e-05 3657.031556904613
4.325e-05 1953.9693978570126
4.35e-05 1040.7366706478183
4.375e-05 552.5865713101794
4.4e-05 292.4815597231366
4.425e-05 154.3254939009227
4.45e-05 81.17461086072112
4.475e-05 42.564589103131674
4.4999999999999996e-05 22.249727928405427
4.5249999999999995e-05 11.594481623990028
4.5499999999999995e-05 6.023247193226524
4.575e-05 3.1193571710418624
4.6e-05 1.6104859596976953
4.625e-05 0.8289122464346462
4.65e-05 0.4253263624140402
4.675e-05 0.21757076601549724
4.7e-05 0.11095468267088346
4.7249999999999997e-05 0.05641050031343692
4.7499999999999996e-05 0.028592086937713253
4.7749999999999995e-05 0.01444793294425812
4.8e-05 0.007278500357529608
4.825e-05 0.0036555842684716272
4.85e-05 0.0018304284952807093
4.875e-05 0.0009137600970244135
4.9e-05 0.0004547758978214265
4.925e-05 0.0002256580858609594
4.95e-05 0.00011163360483620389
4.9749999999999996e-05 5.5059462636702896e-05
4.9999999999999996e-05 2.707474284296157e-05
5.0249999999999995e-05 1.3273774874808562e-05
5.05e-05 6.488206655816034e-06
5.075e-05 3.1619675172681475e-06
5.1e-05 1.5363671850185076e-06
5.125e-05 7.442861110461431e-07
5.15e-05 3.594963343935872e-07
5.175e-05 1.7312550907051947e-07
5.2e-05 8.312699701285915e-08
5.2249999999999996e-05 3.979604721859702e-08
5.2499999999999995e-05 1.899577367695872e-08
5.2749999999999995e-05 9.040566079410775e-09
5.3e-05 4.290009342468601e-09
5.325e-05 2.02977178395736e-09
5.35e-05 9.575576471548852e-10
5.375e-05 4.5041596526418784e-10
5.4e-05 2.1124971695124663e-10
5.425e-05 9.879031978841057e-11
5.4499999999999997e-05 4.606498401426415e-11
5.4749999999999996e-05 2.1417467554232223e-11
5.4999999999999995e-05 9.929064919773301e-12
5.5249999999999994e-05 4.5898025411876785e-12
5.55e-05 2.1155702508345774e-12
5.575e-05 9.72324155797351e-13
5.6e-05 4.4560212126402796e-13
5.625e-05 2.0362840011078487e-13
5.65e-05 9.278691741962375e-14
5.675e-05 4.215943814366921e-14
5.6999999999999996e-05 1.9101387817800547e-14
5.7249999999999996e-05 8.629774323647579e-15
5.7499999999999995e-05 3.887771490559098e-15
5.7749999999999994e-05 1.7465103492665199e-15
5.8e-05 7.823716415533526e-16
5.825e-05 3.494852914715285e-16
5.85e-05 1.5567573685745541e-16
5.875e-05 6.91498973934832e-17
5.9e-05 3.062972432592043e-17
5.925e-05 1.3529381014336622e-17
5.9499999999999996e-05 5.959343369384408e-18
5.9749999999999995e-05 2.6176217054908307e-18
5.9999999999999995e-05 1.1465835191085306e-18
6.0249999999999994e-05 5.008379038269821e-19
6.05e-05 2.1816431149770534e-19
6.075e-05 9.476928198186627e-20
6.1e-05 4.1053593081730355e-20
6.125e-05 1.7735228632272643e-20
6.149999999999999e-05 7.64058790287887e-21
6.175e-05 3.2826415134679774e-21
6.2e-05 1.4064657495252797e-21
6.225e-05 6.00960890355814e-22
6.25e-05 2.560807454778259e-22
6.275e-05 1.0882373456877183e-22
6.3e-05 4.6119928547841876e-23
6.324999999999999e-05 1.949280048026285e-23
6.35e-05 8.216422632960555e-24
6.374999999999999e-05 3.453953845206448e-24
6.4e-05 1.4480308663882003e-24
6.425e-05 6.054369727652338e-25
6.45e-05 2.524597715835914e-25
6.475e-05 1.049904630569464e-25
6.5e-05 4.354559488049041e-26
6.525e-05 1.8012649654771378e-26
6.549999999999999e-05 7.4310854894616e-27
6.575e-05 3.0575282244593852e-27
6.599999999999999e-05 1.2546844934722964e-27
6.625e-05 5.135073909242106e-28
6.65e-05 2.096086734315022e-28
6.675e-05 8.533446090710187e-29
6.7e-05 3.4649307666842486e-29
6.725e-05 1.4032073323404257e-29
6.75e-05 5.667722226829528e-30
6.775e-05 2.283268315072725e-30
6.8e-05 9.174222564099133e-31
6.824999999999999e-05 3.6766117260966314e-31
6.85e-05 1.4695848970470124e-31
6.874999999999999e-05 5.858848199451964e-32
6.9e-05 2.3297144801887635e-32
6.925e-05 9.239921255676379e-33
6.95e-05 3.655200339607029e-33
6.975e-05 1.4422271519685532e-33
7e-05 5.675941820100672e-34
7.025e-05 2.228056518446846e-34
7.049999999999999e-05 8.723699207761123e-35
7.075e-05 3.4069329038512116e-35
7.099999999999999e-05 1.327141103529433e-35
7.125e-05 5.1565999527445325e-36
7.15e-05 1.998502962276592e-36
7.175e-05 7.725798187823118e-37
7.2e-05 2.9790741741456315e-37
7.225e-05 1.145831747421379e-37
7.25e-05 4.396065369228383e-38
7.274999999999999e-05 1.6823384219861103e-38
7.3e-05 6.42200571356363e-39
7.324999999999999e-05 2.445334529386568e-39
7.35e-05 9.287916545282265e-40
7.374999999999999e-05 3.5189485604199057e-40
7.4e-05 1.329916200469375e-40
7.425e-05 5.013655954786211e-41
7.45e-05 1.8854100640274398e-41
7.475e-05 7.072619515041733e-42
7.5e-05 2.6465499085766228e-42
7.525e-05 9.878871448202477e-43
7.549999999999999e-05 3.6784441055833184e-43
7.575e-05 1.3663208465194801e-43
7.599999999999999e-05 5.062616782611538e-44
7.625e-05 1.8712566515102544e-44
7.65e-05 6.899692156033726e-45
7.675e-05 2.5378516594085812e-45
7.7e-05 9.312043969327237e-46
7.725e-05 3.4085382081868e-46
7.75e-05 1.244622861559647e-46
7.774999999999999e-05 4.533732896067397e-47
7.8e-05 1.6474973362613247e-47
7.824999999999999e-05 5.972363438284648e-48
7.85e-05 2.1598447165428806e-48
7.874999999999999e-05 7.792121119713816e-49
7.9e-05 2.8044506032643004e-49
7.925e-05 1.006933740023523e-49
7.95e-05 3.6067583781541037e-50
7.975e-05 1.2888379572755092e-50
7.999999999999999e-05 4.594589860217677e-51
8.025e-05 1.6340464252190343e-51
8.049999999999999e-05 5.7976672225748e-52
8.075e-05 2.0521800681555736e-52
8.099999999999999e-05 7.24691167285432e-53
8.125e-05 2.5530999724516527e-53
8.15e-05 8.973503732751789e-54
8.175e-05 3.146571960134172e-54
8.2e-05 1.1007702848545332e-54
8.225e-05 3.841856557665207e-55
8.25e-05 1.3377440238168537e-55
8.274999999999999e-05 4.647231641356782e-56
8.3e-05 1.6106717654790062e-56
8.324999999999999e-05 5.569461268413292e-57
8.35e-05 1.92138650382865e-57
8.375e-05 6.613230692599152e-58
8.4e-05 2.2709730373474204e-58
8.425e-05 7.78057380262169e-59
8.45e-05 2.6595893717570767e-59
8.475e-05 9.070324620029951e-60
8.499999999999999e-05 3.0863012368962665e-60
8.525e-05 1.0477628434169126e-60
8.549999999999999e-05 3.548941359661285e-61
8.575e-05 1.199355004853831e-61
8.599999999999999e-05 4.0440053509488255e-62
8.625e-05 1.3604815977686583e-62
8.65e-05 4.5665954208443404e-63
8.675e-05 1.5293723941982508e-63
8.7e-05 5.110421563157166e-64
8.724999999999999e-05 1.7038246555161077e-64
8.75e-05 5.6678673549756284e-65
8.774999999999999e-05 1.8812346843210803e-65
8.8e-05 6.230124192486308e-66
8.824999999999999e-05 2.0586511606885411e-66
8.85e-05 6.7873938111089e-67
8.875e-05 2.2328495343050562e-67
8.9e-05 7.329154574623633e-68
8.925e-05 2.400425339417433e-68
8.95e-05 7.84448258331903e-69
8.975e-05 2.557902927468237e-69
8.999999999999999e-05 8.322414498288633e-70
9.025e-05 2.7018548860712352e-70
9.049999999999999e-05 8.752335462958262e-71
9.075e-05 2.8290264411248417e-71
9.099999999999999e-05 9.124372946309942e-72
9.125e-05 2.936458514207471e-72
9.15e-05 9.42977599179169e-73
9.175e-05 3.021602897215801e-73
9.2e-05 9.661259394186318e-74
9.224999999999999e-05 3.082423244512645e-74
9.25e-05 9.813293792671884e-75
9.274999999999999e-05 3.1174762658862317e-75
9.3e-05 9.882325488655942e-76
9.324999999999999e-05 3.1259685891088986e-76
9.35e-05 9.866913780153179e-77
9.375e-05 3.1077861712363595e-77
9.4e-05 9.76777845684562e-78
9.425e-05 3.0634947669988267e-78
9.449999999999999e-05 9.587755452515911e-79
9.475e-05 2.9943116860784534e-79
9.499999999999999e-05 9.331664094375536e-80
9.525e-05 2.9020507571721317e-80
9.549999999999999e-05 9.00609450942394e-81
9.575e-05 2.789043939212623e-81
9.6e-05 8.619128169244429e-82
9.625e-05 2.658044269406755e-82
9.65e-05 8.180007968323832e-83
9.675e-05 2.5121157304896714e-83
9.7e-05 7.698776423312971e-84
9.724999999999999e-05 2.3545161051623974e-84
9.75e-05 7.185901447580939e-85
9.774999999999999e-05 2.1885789491455952e-85
9.8e-05 6.651908704324844e-86
9.824999999999999e-05 2.0176004687087178e-86
9.85e-05 6.107037642750125e-87
9.875e-05 1.8447355525003926e-87
9.9e-05 5.560906939755536e-88
9.925e-05 1.6728089908094165e-88
9.949999999999999e-05 5.018886946823314e-89
9.975e-05 1.4928748284447889e-89
9.999999999999999e-05 4.099422856035748e-90
