1e-07 4.316997621726722e+27
2e-07 4.3164365536625884e+27
3e-07 4.315314574724037e+27
4e-07 4.313631998903438e+27
5e-07 4.311389296228009e+27
6e-07 4.308587091624115e+27
7e-07 4.3052261634334977e+27
8e-07 4.3013074416080694e+27
9e-07 4.296832005615553e+27
1e-06 4.291801082090284e+27
1.1e-06 4.2862160422580407e+27
1.2e-06 4.2800783991449726e+27
1.2999999999999998e-06 4.2733898045409776e+27
1.4e-06 4.2661520456184644e+27
1.5e-06 4.258367041000908e+27
1.6e-06 4.250036835929847e+27
1.6999999999999998e-06 4.241163596003435e+27
1.8e-06 4.231749598783497e+27
1.9e-06 4.221797222447601e+27
2e-06 4.2113089306846334e+27
2.1e-06 4.20028725330778e+27
2.2e-06 4.1887347627014246e+27
2.3e-06 4.176654047305714e+27
2.4e-06 4.1640476848619605e+27
2.4999999999999998e-06 4.150918219937229e+27
2.5999999999999997e-06 4.1372681519836976e+27
2.7e-06 4.1230999413725184e+27
2.8e-06 4.108416040900323e+27
2.8999999999999998e-06 4.0932189587030463e+27
3e-06 4.077511355100259e+27
3.1e-06 4.061296170850749e+27
3.2e-06 4.044576778365085e+27
3.2999999999999997e-06 4.027357141775032e+27
3.3999999999999996e-06 4.00964196777761e+27
3.5e-06 3.991436828050142e+27
3.6e-06 3.9729917267879783e+27
3.6999999999999997e-06 3.954310134348357e+27
3.8e-06 3.9353957561413736e+27
3.9e-06 3.916252523313709e+27
4e-06 3.896884576926588e+27
4.1e-06 3.877296246715718e+27
4.2e-06 3.85749202584252e+27
4.2999999999999995e-06 3.83747654324116e+27
4.4e-06 3.8172545351990854e+27
4.5e-06 3.7968308177065715e+27
4.6e-06 3.7762102608830796e+27
4.7e-06 3.7553977664782596e+27
4.8e-06 3.7343982490894844e+27
4.9e-06 3.713216621378995e+27
4.9999999999999996e-06 3.691857783246897e+27
5.0999999999999995e-06 3.6703266146486096e+27
5.199999999999999e-06 3.6486279715526725e+27
5.3e-06 3.626766684421987e+27
5.4e-06 3.6047475585637654e+27
5.5e-06 3.5825753757185275e+27
5.6e-06 3.5602548963301953e+27
5.7e-06 3.537790862039807e+27
5.7999999999999995e-06 3.515187998058115e+27
5.899999999999999e-06 3.4924510151834496e+27
6e-06 3.46958461133066e+27
6.1e-06 3.4465934725186074e+27
6.2e-06 3.4234822733250767e+27
6.3e-06 3.400255676859346e+27
6.4e-06 3.376918334326493e+27
6.5e-06 3.3534748842670504e+27
6.5999999999999995e-06 3.3299299515547613e+27
6.699999999999999e-06 3.3062881462275117e+27
6.799999999999999e-06 3.282554062215015e+27
6.9e-06 3.258732276014007e+27
7e-06 3.234827345349112e+27
7.1e-06 3.210843807846312e+27
7.2e-06 3.1867861797365524e+27
7.2999999999999996e-06 3.162658954599621e+27
7.3999999999999995e-06 3.1384666021529295e+27
7.499999999999999e-06 3.114213567085993e+27
7.6e-06 3.0899042679389055e+27
7.699999999999999e-06 3.0655430960217103e+27
7.8e-06 3.041134414370868e+27
7.899999999999999e-06 3.016682556738953e+27
8e-06 2.9921918266138864e+27
8.1e-06 2.967666496264495e+27
8.2e-06 2.943110805809658e+27
8.3e-06 2.918528962308905e+27
8.4e-06 2.893925138872808e+27
8.5e-06 2.86930347379201e+27
8.599999999999999e-06 2.844668069684148e+27
8.7e-06 2.820022992658237e+27
8.8e-06 2.795372271496375e+27
8.9e-06 2.770719896852816e+27
9e-06 2.746069820470624e+27
9.1e-06 2.721425954416203e+27
9.2e-06 2.696792170332057e+27
9.299999999999999e-06 2.6721722987081973e+27
9.4e-06 2.647570128172567e+27
9.499999999999999e-06 2.6229894048008796e+27
9.6e-06 2.598433831446244e+27
9.7e-06 2.573907067088892e+27
9.8e-06 2.5494127262063134e+27
9.9e-06 2.524954378164067e+27
9.999999999999999e-06 2.500535546627475e+27
1.01e-05 2.4761597089944136e+27
1.0199999999999999e-05 2.4518302958493407e+27
1.03e-05 2.4275506904387085e+27
1.0399999999999999e-05 2.4033242281678542e+27
1.05e-05 2.37915419611946e+27
1.06e-05 2.3550438325936443e+27
1.07e-05 2.3309963266697206e+27
1.08e-05 2.3070148177896614e+27
1.0899999999999999e-05 2.2831023953632825e+27
1.1e-05 2.259262098395134e+27
1.1099999999999999e-05 2.2354969151331007e+27
1.12e-05 2.211809782738678e+27
1.13e-05 2.1882035869788937e+27
1.14e-05 2.1646811619398204e+27
1.15e-05 2.141245289761631e+27
1.1599999999999999e-05 2.1178987003951167e+27
1.17e-05 2.0946440713795983e+27
1.1799999999999999e-05 2.071484027642131e+27
1.19e-05 2.0484211413179082e+27
1.2e-05 2.0254579315917448e+27
1.21e-05 2.0025968645605257e+27
1.22e-05 1.9798403531164776e+27
1.2299999999999999e-05 1.9571907568511224e+27
1.24e-05 1.934650381979762e+27
1.2499999999999999e-05 1.9122214812863214e+27
1.26e-05 1.8899062540883824e+27
1.2699999999999999e-05 1.8677068462222158e+27
1.28e-05 1.845625350047625e+27
1.29e-05 1.8236638044723916e+27
1.3e-05 1.8018241949961094e+27
1.31e-05 1.7801084537731888e+27
1.3199999999999999e-05 1.758518459694797e+27
1.33e-05 1.7370560384894943e+27
1.3399999999999999e-05 1.7157229628423215e+27
1.35e-05 1.694520952532081e+27
1.3599999999999999e-05 1.6734516745865504e+27
1.37e-05 1.652516743455356e+27
1.38e-05 1.6317177212002308e+27
1.3899999999999999e-05 1.6110561177023727e+27
1.4e-05 1.590533390886611e+27
1.4099999999999999e-05 1.5701509469620887e+27
1.42e-05 1.5499101406791516e+27
1.4299999999999999e-05 1.5298122756021427e+27
1.44e-05 1.5098586043977857e+27
1.45e-05 1.4900503291388371e+27
1.4599999999999999e-05 1.47038860162269e+27
1.47e-05 1.4508745237045945e+27
1.4799999999999999e-05 1.43150914764517e+27
1.49e-05 1.4122934764718679e+27
1.4999999999999999e-05 1.3932284643540514e+27
1.51e-05 1.374315016991343e+27
1.52e-05 1.3555539920149005e+27
1.53e-05 1.33694619940127e+27
1.5399999999999998e-05 1.3184924018984647e+27
1.55e-05 1.300193315463918e+27
1.56e-05 1.2820496097139514e+27
1.57e-05 1.2640619083844092e+27
1.5799999999999998e-05 1.24623078980209e+27
1.59e-05 1.228556787366626e+27
1.6e-05 1.2110403900424401e+27
1.61e-05 1.1936820428604283e+27
1.62e-05 1.1764821474289982e+27
1.63e-05 1.1594410624541058e+27
1.64e-05 1.1425591042679293e+27
1.6499999999999998e-05 1.1258365473658114e+27
1.66e-05 1.10927362495112e+27
1.67e-05 1.0928705294876549e+27
1.68e-05 1.0766274132592495e+27
1.69e-05 1.060544388936204e+27
1.7e-05 1.044621530148197e+27
1.71e-05 1.0288588720633153e+27
1.7199999999999998e-05 1.0132564119728518e+27
1.73e-05 9.97814109881518e+26
1.74e-05 9.825318891027222e+26
1.75e-05 9.674096368585666e+26
1.76e-05 9.524472048842167e+26
1.77e-05 9.376444100363024e+26
1.78e-05 9.230010349050138e+26
1.7899999999999998e-05 9.085168284295508e+26
1.8e-05 8.941915065166e+26
1.81e-05 8.800247526615041e+26
1.82e-05 8.660162185718026e+26
1.8299999999999998e-05 8.521655247928184e+26
1.84e-05 8.384722613349759e+26
1.85e-05 8.249359883025333e+26
1.8599999999999998e-05 8.11556236523422e+26
1.87e-05 7.983325081798855e+26
1.88e-05 7.852642774396176e+26
1.89e-05 7.72350991087106e+26
1.8999999999999998e-05 7.595920691548828e+26
1.91e-05 7.46986905554403e+26
1.92e-05 7.345348687062623e+26
1.9299999999999998e-05 7.222353021694805e+26
1.94e-05 7.10087525269577e+26
1.95e-05 6.980908337251721e+26
1.96e-05 6.862445002728512e+26
1.9699999999999998e-05 6.745477752900365e+26
1.98e-05 6.629998874156153e+26
1.99e-05 6.516000441680775e+26
1.9999999999999998e-05 6.403474325609243e+26
2.01e-05 6.292412197151131e+26
2.02e-05 6.182805534683081e+26
2.03e-05 6.074645629807152e+26
2.0399999999999998e-05 5.9679235933728294e+26
2.05e-05 5.8626303614605803e+26
2.06e-05 5.758756701324888e+26
2.07e-05 5.656293217294769e+26
2.0799999999999997e-05 5.555230356629829e+26
2.09e-05 5.455558415329979e+26
2.1e-05 5.3572675438969645e+26
2.1099999999999998e-05 5.2603477530459705e+26
2.12e-05 5.164788919365564e+26
2.13e-05 5.070580790924352e+26
2.14e-05 4.977712992822735e+26
2.1499999999999997e-05 4.8861750326882565e+26
2.16e-05 4.795956306113034e+26
2.17e-05 4.707046102031905e+26
2.1799999999999998e-05 4.619433608039889e+26
2.19e-05 4.5331079156476874e+26
2.2e-05 4.448058025473974e+26
2.21e-05 4.364272852373297e+26
2.2199999999999998e-05 4.281741230498462e+26
2.23e-05 4.2004519182963204e+26
2.24e-05 4.120393603435963e+26
2.2499999999999998e-05 4.0415549076683494e+26
2.26e-05 3.9639243916164715e+26
2.27e-05 3.887490559495211e+26
2.28e-05 3.812241863760089e+26
2.2899999999999998e-05 3.738166709684173e+26
2.3e-05 3.6652534598624515e+26
2.31e-05 3.5934904386430426e+26
2.3199999999999998e-05 3.5228659364846576e+26
2.33e-05 3.453368214239787e+26
2.34e-05 3.3849855073631276e+26
2.35e-05 3.3177060300448174e+26
2.3599999999999998e-05 3.251517979268104e+26
2.37e-05 3.186409538791112e+26
2.38e-05 3.122368883052413e+26
2.3899999999999998e-05 3.0593841810001757e+26
2.4e-05 2.9974435998446944e+26
2.41e-05 2.9365353087341475e+26
2.42e-05 2.876647482353489e+26
2.4299999999999998e-05 2.817768304446404e+26
2.44e-05 2.7598859712603217e+26
2.45e-05 2.702988694914503e+26
2.4599999999999998e-05 2.647064706691271e+26
2.4699999999999997e-05 2.5921022602504906e+26
2.48e-05 2.538089634767436e+26
2.49e-05 2.4850151379942424e+26
2.4999999999999998e-05 2.4328671092451414e+26
2.51e-05 2.381633922305758e+26
2.52e-05 2.3313039882667407e+26
2.53e-05 2.281865758282069e+26
2.5399999999999997e-05 2.2333077262523802e+26
2.55e-05 2.1856184314337233e+26
2.56e-05 2.13878646097215e+26
2.5699999999999998e-05 2.092800452364606e+26
2.58e-05 2.047649095846603e+26
2.59e-05 2.0033211367071828e+26
2.6e-05 1.9598053775317156e+26
2.6099999999999997e-05 1.917090680373098e+26
2.62e-05 1.875165968851946e+26
2.63e-05 1.834020230186397e+26
2.6399999999999998e-05 1.7936425171521666e+26
2.65e-05 1.7540219499735237e+26
2.66e-05 1.7151477181458678e+26
2.67e-05 1.6770090821906217e+26
2.6799999999999998e-05 1.6395953753431676e+26
2.69e-05 1.6028960051745685e+26
2.7e-05 1.566900455147848e+26
2.7099999999999998e-05 1.5315982861096114e+26
2.7199999999999997e-05 1.4969791377178038e+26
2.73e-05 1.4630327298064285e+26
2.74e-05 1.4297488636880507e+26
2.7499999999999998e-05 1.3971174233949394e+26
2.76e-05 1.3651283768596958e+26
2.77e-05 1.3337717770362506e+26
2.7799999999999998e-05 1.3030377629621056e+26
2.7899999999999997e-05 1.2729165607627132e+26
2.8e-05 1.2433984845989016e+26
2.81e-05 1.2144739375582539e+26
2.8199999999999998e-05 1.1861334124913643e+26
2.83e-05 1.1583674927938984e+26
2.84e-05 1.1311668531353952e+26
2.8499999999999998e-05 1.104522260135748e+26
2.8599999999999997e-05 1.0784245729903162e+26
2.87e-05 1.0528647440446174e+26
2.88e-05 1.0278338193195515e+26
2.8899999999999998e-05 1.0033229389881238e+26
2.9e-05 9.793233378046199e+25
2.91e-05 9.558263454872018e+25
2.9199999999999998e-05 9.328233870548876e+25
2.9299999999999997e-05 9.103059831198788e+25
2.94e-05 8.88265750136204e+25
2.95e-05 8.666944006056428e+25
2.9599999999999998e-05 8.4558374324189e+25
2.97e-05 8.249256830939298e+25
2.98e-05 8.04712221629573e+25
2.99e-05 7.849354567801192e+25
2.9999999999999997e-05 7.655875829470948e+25
3.01e-05 7.466608909720206e+25
3.02e-05 7.281477680701518e+25
3.0299999999999998e-05 7.1004069772913376e+25
3.04e-05 6.923322595735087e+25
3.05e-05 6.750151291960058e+25
3.06e-05 6.580820779565366e+25
3.07e-05 6.41525972749815e+25
3.0799999999999996e-05 6.253397757425151e+25
3.09e-05 6.095165440808669e+25
3.1e-05 5.940494295695898e+25
3.11e-05 5.789316783230515e+25
3.12e-05 5.641566303895308e+25
3.13e-05 5.49717719349459e+25
3.14e-05 5.356084718884995e+25
3.15e-05 5.218225073463219e+25
3.1599999999999996e-05 5.083535372419125e+25
3.17e-05 4.951953647762564e+25
3.18e-05 4.823418843132159e+25
3.1899999999999996e-05 4.697870808394179e+25
3.2e-05 4.575250294039565e+25
3.21e-05 4.4554989453869986e+25
3.22e-05 4.338559296599869e+25
3.23e-05 4.224374764524835e+25
3.24e-05 4.1128896423595685e+25
3.25e-05 4.004049093157192e+25
3.26e-05 3.897799143174736e+25
3.2699999999999995e-05 3.794086675072921e+25
3.28e-05 3.692859420974345e+25
3.29e-05 3.5940659553871366e+25
3.2999999999999996e-05 3.497655688000928e+25
3.31e-05 3.403578856361956e+25
3.32e-05 3.311786518433922e+25
3.3299999999999996e-05 3.222230545051146e+25
3.34e-05 3.134863612270421e+25
3.35e-05 3.049639193627853e+25
3.36e-05 2.96651155230684e+25
3.37e-05 2.8854357332232266e+25
3.38e-05 2.8063675550335494e+25
3.39e-05 2.72926360207215e+25
3.4e-05 2.6540812162228242e+25
3.4099999999999995e-05 2.5807784887305376e+25
3.42e-05 2.5093142519586244e+25
3.43e-05 2.439648071096758e+25
3.4399999999999996e-05 2.371740235824854e+25
3.45e-05 2.3055517519379467e+25
3.46e-05 2.2410443329369626e+25
3.4699999999999996e-05 2.1781803915901817e+25
3.48e-05 2.116923031470059e+25
3.49e-05 2.0572360384699656e+25
3.5e-05 1.9990838723052763e+25
3.51e-05 1.942431658003116e+25
3.52e-05 1.8872451773849656e+25
3.53e-05 1.8334908605461946e+25
3.54e-05 1.781135777336486e+25
3.5499999999999996e-05 1.7301476288449958e+25
3.56e-05 1.6804947388939757e+25
3.57e-05 1.6321460455444708e+25
3.5799999999999996e-05 1.5850710926176002e+25
3.59e-05 1.5392400212348084e+25
3.6e-05 1.4946235613803695e+25
3.6099999999999997e-05 1.451193023489315e+25
3.62e-05 1.4089202900638535e+25
3.63e-05 1.3677778073212364e+25
3.64e-05 1.3277385768759279e+25
3.65e-05 1.2887761474588262e+25
3.6599999999999995e-05 1.2508646066761868e+25
3.67e-05 1.2139785728107955e+25
3.68e-05 1.1780931866678388e+25
3.6899999999999996e-05 1.1431841034678272e+25
3.7e-05 1.1092274847888222e+25
3.71e-05 1.0761999905601313e+25
3.7199999999999996e-05 1.0440787711095418e+25
3.73e-05 1.0128414592660644e+25
3.74e-05 9.824661625200815e+24
3.75e-05 9.529314552426949e+24
3.76e-05 9.242163709659875e+24
3.77e-05 8.963003947258309e+24
3.78e-05 8.691634554687772e+24
3.79e-05 8.427859185245062e+24
3.7999999999999995e-05 8.171485781452083e+24
3.81e-05 7.922326501132086e+24
3.82e-05 7.680197644180642e+24
3.8299999999999996e-05 7.444919580042853e+24
3.84e-05 7.216316675907637e+24
3.85e-05 6.994217225629192e+24
3.8599999999999996e-05 6.778453379384996e+24
3.87e-05 6.568861074079086e+24
3.88e-05 6.365279964498654e+24
3.89e-05 6.167553355231337e+24
3.9e-05 5.975528133349992e+24
3.9099999999999995e-05 5.789054701871057e+24
3.92e-05 5.607986913992069e+24
3.93e-05 5.432182008113277e+24
3.9399999999999995e-05 5.261500543647724e+24
3.95e-05 5.095806337623631e+24
3.96e-05 4.93496640208238e+24
3.9699999999999996e-05 4.7788508822748314e+24
3.98e-05 4.6273329956582444e+24
3.99e-05 4.480288971695565e+24
3.9999999999999996e-05 4.3375979924583543e+24
4.01e-05 4.199142134034157e+24
4.02e-05 4.064806308738715e+24
4.03e-05 3.9344782081329156e+24
4.04e-05 3.8080482468440147e+24
4.0499999999999995e-05 3.685409507190224e+24
4.06e-05 3.5664576846073817e+24
4.07e-05 3.4510910338760264e+24
4.0799999999999996e-05 3.339210316146858e+24
4.09e-05 3.230718746762189e+24
4.1e-05 3.1255219438706566e+24
4.1099999999999996e-05 3.023527877832159e+24
4.12e-05 2.924646821409639e+24
4.13e-05 2.8287913007440537e+24
4.14e-05 2.7358760471085737e+24
4.15e-05 2.645817949437782e+24
4.1599999999999995e-05 2.558536007627374e+24
4.17e-05 2.473951286599612e+24
4.18e-05 2.3919868711295335e+24
4.1899999999999995e-05 2.3125678214267017e+24
4.2e-05 2.235621129467044e+24
4.21e-05 2.1610756760691386e+24
4.2199999999999996e-05 2.088862188709081e+24
4.23e-05 2.0189132000679096e+24
4.24e-05 1.9511630073053583e+24
4.2499999999999996e-05 1.8855476320535568e+24
4.26e-05 1.822004781124129e+24
4.27e-05 1.7604738079219977e+24
4.28e-05 1.700895674559053e+24
4.29e-05 1.6432129146607272e+24
4.2999999999999995e-05 1.5873695968583774e+24
4.31e-05 1.5333112889602704e+24
4.32e-05 1.4809850227938666e+24
4.3299999999999995e-05 1.430339259711985e+24
4.34e-05 1.3813238567553567e+24
4.35e-05 1.33389003346398e+24
4.3599999999999996e-05 1.2879903393296235e+24
4.37e-05 1.243578621881748e+24
4.38e-05 1.2006099953990663e+24
4.3899999999999996e-05 1.1590408102388934e+24
4.4e-05 1.1188286227764075e+24
4.41e-05 1.0799321659458827e+24
4.42e-05 1.0423113203759371e+24
4.43e-05 1.0059270861107997e+24
4.4399999999999995e-05 9.707415549095768e+23
4.45e-05 9.367178831154877e+23
4.46e-05 9.038202650870205e+23
4.4699999999999996e-05 8.720139071829535e+23
4.48e-05 8.412650022931897e+23
4.49e-05 8.115407049073476e+23
4.4999999999999996e-05 7.828091067130663e+23
4.51e-05 7.550392127159893e+23
4.52e-05 7.282009178734133e+23
4.5299999999999997e-05 7.022649842336018e+23
4.54e-05 6.772030185727966e+23
4.5499999999999995e-05 6.529874505219817e+23
4.56e-05 6.295915111754893e+23
4.57e-05 6.069892121735737e+23
4.5799999999999995e-05 5.8515532525111786e+23
4.59e-05 5.640653622446769e+23
4.6e-05 5.436955555501133e+23
4.6099999999999996e-05 5.240228390231231e+23
4.62e-05 5.050248293150044e+23
4.63e-05 4.8667980763607486e+23
4.6399999999999996e-05 4.689667019391984e+23
4.65e-05 4.518650695159441e+23
4.66e-05 4.353550799979571e+23
4.67e-05 4.194174987561875e+23
4.68e-05 4.0403367069068765e+23
4.6899999999999995e-05 3.891855044037545e+23
4.7e-05 3.748554567492641e+23
4.71e-05 3.610265177511149e+23
4.7199999999999995e-05 3.476821958837687e+23
4.73e-05 3.3480650370795275e+23
4.74e-05 3.223839438546605e+23
4.7499999999999996e-05 3.103994953506638e+23
4.76e-05 2.9883860027883044e+23
4.77e-05 2.8768715076661477e+23
4.7799999999999996e-05 2.769314762961717e+23
4.79e-05 2.6655833132962366e+23
4.8e-05 2.565548832430912e+23
4.81e-05 2.469087005631796e+23
4.82e-05 2.376077414996973e+23
4.8299999999999995e-05 2.2864034276846297e+23
4.84e-05 2.1999520869814385e+23
4.85e-05 2.1166140061515016e+23
4.8599999999999995e-05 2.03628326500695e+23
4.87e-05 1.958857309142142e+23
4.88e-05 1.884236851774244e+23
4.8899999999999996e-05 1.8123257781338283e+23
4.9e-05 1.7430310523499706e+23
4.91e-05 1.6762626267751794e+23
4.9199999999999997e-05 1.6119333536963333e+23
4.93e-05 1.5499588993786514e+23
4.9399999999999995e-05 1.4902576603905738e+23
4.95e-05 1.4327506821582604e+23
4.96e-05 1.377361579699263e+23
4.9699999999999995e-05 1.3240164604857682e+23
4.98e-05 1.272643849388635e+23
4.99e-05 1.2231746156542851e+23
4.9999999999999996e-05 1.1755419018673288e+23
5.01e-05 1.1296810548526365e+23
5.02e-05 1.0855295584713704e+23
5.0299999999999996e-05 1.043026968266317e+23
5.04e-05 1.0021148479126541e+23
5.05e-05 9.62736707431094e+22
5.06e-05 9.248379431211323e+22
5.07e-05 8.883657791729209e+22
5.0799999999999995e-05 8.53269210917067e+22
5.09e-05 8.194989496724248e+22
5.1e-05 7.870073691527194e+22
5.1099999999999995e-05 7.557484533935982e+22
5.12e-05 7.256777461624529e+22
5.13e-05 6.967523018141035e+22
5.1399999999999996e-05 6.689306375561637e+22
5.15e-05 6.421726870886372e+22
5.16e-05 6.164397555830126e+22
5.1699999999999996e-05 5.9169447596682945e+22
5.18e-05 5.679007664803963e+22
5.1899999999999994e-05 5.450237894730246e+22
5.2e-05 5.230299114068329e+22
5.21e-05 5.018866640368455e+22
5.2199999999999995e-05 4.815627067367762e+22
5.23e-05 4.620277899405439e+22
5.24e-05 4.432527196702139e+22
5.2499999999999995e-05 4.252093231216953e+22
5.26e-05 4.078704152801535e+22
5.27e-05 3.912097665377178e+22
5.2799999999999996e-05 3.752020712866698e+22
5.29e-05 3.598229174619046e+22
5.3e-05 3.450487570070402e+22
5.3099999999999996e-05 3.308568772391405e+22
5.32e-05 3.1722537308758315e+22
5.3299999999999995e-05 3.0413312018316932e+22
5.34e-05 2.9155974877412638e+22
5.35e-05 2.7948561844619794e+22
5.3599999999999995e-05 2.678917936245507e+22
5.37e-05 2.567600198357551e+22
5.38e-05 2.460727007086103e+22
5.3899999999999996e-05 2.3581287569309552e+22
5.4e-05 2.259641984772245e+22
5.41e-05 2.1651091608207123e+22
5.4199999999999996e-05 2.074378486157159e+22
5.43e-05 1.9873036966732893e+22
5.4399999999999994e-05 1.9037438732307658e+22
5.4499999999999997e-05 1.823563257859834e+22
5.46e-05 1.7466310758233224e+22
5.4699999999999995e-05 1.672821363376195e+22
5.48e-05 1.6020128010551041e+22
5.49e-05 1.5340885523365896e+22
5.4999999999999995e-05 1.4689361075066792e+22
5.51e-05 1.4064471325886692e+22
5.52e-05 1.3465173231798122e+22
5.5299999999999996e-05 1.2890462630514969e+22
5.54e-05 1.233937287371294e+22
5.55e-05 1.1810973504089386e+22
5.5599999999999996e-05 1.1304368975919494e+22
5.57e-05 1.0818697417801312e+22
5.5799999999999994e-05 1.0353129436316732e+22
5.59e-05 9.906866959369634e+21
5.6e-05 9.479142117995448e+21
5.6099999999999995e-05 9.069216165469007e+21
5.62e-05 8.676378432569243e+21
5.63e-05 8.299945317890355e+21
5.6399999999999995e-05 7.939259312119394e+21
5.65e-05 7.593688055229903e+21
5.66e-05 7.262623425570189e+21
5.6699999999999996e-05 6.945480659853113e+21
5.68e-05 6.641697503081935e+21
5.69e-05 6.350733387473755e+21
5.6999999999999996e-05 6.07206863946841e+21
5.71e-05 5.805203713936491e+21
5.7199999999999994e-05 5.549658454725173e+21
5.73e-05 5.304971380705126e+21
5.74e-05 5.070698996505697e+21
5.7499999999999995e-05 4.846415127148804e+21
5.76e-05 4.6317102758148545e+21
5.77e-05 4.4261910039961183e+21
5.7799999999999995e-05 4.229479333314659e+21
5.79e-05 4.0412121683030243e+21
5.8e-05 3.86104073946648e+21
5.8099999999999996e-05 3.6886300659656053e+21
5.82e-05 3.523658437277611e+21
5.8299999999999994e-05 3.365816913213793e+21
5.8399999999999997e-05 3.2148088416890635e+21
5.85e-05 3.070349393657576e+21
5.8599999999999995e-05 2.932165114646065e+21
5.87e-05 2.7999934923336267e+21
5.88e-05 2.673582539643391e+21
5.8899999999999995e-05 2.552690392827724e+21
5.9e-05 2.437084924044457e+21
5.91e-05 2.3265433679369714e+21
5.9199999999999996e-05 2.2208519617459863e+21
5.93e-05 2.1198055984954094e+21
5.94e-05 2.0232074928088167e+21
5.9499999999999996e-05 1.9308688589268803e+21
5.96e-05 1.842608600509473e+21
5.9699999999999994e-05 1.7582530118192063e+21
5.98e-05 1.6776354898958153e+21
5.99e-05 1.6005962573431374e+21
5.9999999999999995e-05 1.526982095362373e+21
6.01e-05 1.4566460866769644e+21
6.02e-05 1.389447368005726e+21
6.0299999999999995e-05 1.32525089175183e+21
6.04e-05 1.2639271965859258e+21
6.05e-05 1.2053521866120246e+21
6.0599999999999996e-05 1.1494069188148374e+21
6.07e-05 1.0959773984970306e+21
6.08e-05 1.0449543824243364e+21
6.0899999999999996e-05 9.962331894056681e+20
6.1e-05 9.497135180443233e+20
6.11e-05 9.052992714050222e+20
6.12e-05 8.628983883499614e+20
6.13e-05 8.224226813051997e+20
6.14e-05 7.83787680226639e+20
6.149999999999999e-05 7.469124825425253e+20
6.159999999999999e-05 7.117196088568578e+20
6.17e-05 6.78134864205307e+20
6.18e-05 6.460872046622617e+20
6.19e-05 6.15508609104399e+20
6.2e-05 5.86333955942771e+20
6.209999999999999e-05 5.585009046417651e+20
6.22e-05 5.319497818494946e+20
6.23e-05 5.066234719701521e+20
6.24e-05 4.824673120146731e+20
6.25e-05 4.5942899057167545e+20
6.26e-05 4.374584507460867e+20
6.269999999999999e-05 4.165077969181475e+20
6.28e-05 3.9653120518058574e+20
6.29e-05 3.7748483731670335e+20
6.3e-05 3.593267581869025e+20
6.31e-05 3.4201685639581565e+20
6.319999999999999e-05 3.25516768116689e+20
6.33e-05 3.09789803954008e+20
6.34e-05 2.9480087872955872e+20
6.35e-05 2.8051644408117674e+20
6.36e-05 2.6690442376737466e+20
6.37e-05 2.5393415157483605e+20
6.379999999999999e-05 2.4157631172944603e+20
6.39e-05 2.298028817150844e+20
6.4e-05 2.1858707740784712e+20
6.41e-05 2.0790330043668762e+20
6.42e-05 1.97727087684684e+20
6.429999999999999e-05 1.8803506284824576e+20
6.44e-05 1.7880488997457736e+20
6.45e-05 1.700152289006171e+20
6.46e-05 1.6164569251947564e+20
6.47e-05 1.5367680580310627e+20
6.48e-05 1.4608996651255777e+20
6.489999999999999e-05 1.3886740752968765e+20
6.5e-05 1.3199216074665584e+20
6.51e-05 1.2544802245187679e+20
6.52e-05 1.1921952015338373e+20
6.53e-05 1.1329188078275838e+20
6.539999999999999e-05 1.0765100022489984e+20
6.549999999999999e-05 1.0228341412095525e+20
6.56e-05 9.717626989371146e+19
6.57e-05 9.231729994665437e+19
6.58e-05 8.769479598974322e+19
6.59e-05 8.329758444672283e+19
6.599999999999999e-05 7.911500290051031e+19
6.61e-05 7.513687753484458e+19
6.62e-05 7.135350153198135e+19
6.63e-05 6.775561438775241e+19
6.64e-05 6.433438210679103e+19
6.65e-05 6.108137824215307e+19
6.659999999999999e-05 5.798856574494147e+19
6.67e-05 5.504827959086944e+19
6.68e-05 5.225321015197711e+19
6.69e-05 4.959638728295016e+19
6.7e-05 4.70711650926768e+19
6.709999999999999e-05 4.467120737282468e+19
6.72e-05 4.239047365632278e+19
6.73e-05 4.022320587969511e+19
6.74e-05 3.816391562421734e+19
6.75e-05 3.6207371911852466e+19
6.76e-05 3.434858953287132e+19
6.769999999999999e-05 3.2582817882977255e+19
6.78e-05 3.090553028863437e+19
6.79e-05 2.9312413800145646e+19
6.8e-05 2.7799359432842568e+19
6.81e-05 2.6362452837532623e+19
6.819999999999999e-05 2.499796538210594e+19
6.829999999999999e-05 2.3702345626929136e+19
6.84e-05 2.2472211177353392e+19
6.85e-05 2.1304340897336324e+19
6.86e-05 2.019566746882414e+19
6.87e-05 1.9143270282162774e+19
6.879999999999999e-05 1.8144368643405064e+19
6.89e-05 1.7196315284956518e+19
6.9e-05 1.6296590166555372e+19
6.91e-05 1.5442794554114669e+19
6.92e-05 1.4632645364465363e+19
6.929999999999999e-05 1.3863969764530944e+19
6.939999999999999e-05 1.3134700013936476e+19
6.95e-05 1.2442868540508846e+19
6.96e-05 1.17866032385613e+19
6.97e-05 1.1164122980274348e+19
6.98e-05 1.057373333088778e+19
6.989999999999999e-05 1.0013822458805303e+19
7e-05 9.482857232084785e+18
7.01e-05 8.979379493143794e+18
7.02e-05 8.502002503852818e+18
7.03e-05 8.049407553517393e+18
7.04e-05 7.620340722566279e+18
7.049999999999999e-05 7.213609795065979e+18
7.06e-05 6.828081313472896e+18
7.07e-05 6.462677769313816e+18
7.08e-05 6.116374923753398e+18
7.09e-05 5.788199252264638e+18
7.099999999999999e-05 5.477225507865055e+18
7.11e-05 5.182574397618163e+18
7.12e-05 4.903410367326909e+18
7.13e-05 4.638939489563689e+18
7.14e-05 4.3884074503904573e+18
7.15e-05 4.1510976303229235e+18
7.159999999999999e-05 3.92632927528493e+18
7.17e-05 3.71345575348338e+18
7.18e-05 3.511862894310731e+18
7.19e-05 3.3209674055513784e+18
7.2e-05 3.140215365330567e+18
7.209999999999999e-05 2.969080785400008e+18
7.219999999999999e-05 2.80706424250346e+18
7.23e-05 2.653691574708354e+18
7.24e-05 2.508512639726415e+18
7.25e-05 2.371100132377325e+18
7.26e-05 2.2410484584750769e+18
7.269999999999999e-05 2.1179726625369684e+18
7.28e-05 2.0015074068303864e+18
7.29e-05 1.891305999382871e+18
7.3e-05 1.7870394686865948e+18
7.31e-05 1.6883956829295398e+18
7.319999999999999e-05 1.595078511682494e+18
7.329999999999999e-05 1.5068070280636795e+18
7.34e-05 1.4233147494915602e+18
7.35e-05 1.3443489152212728e+18
7.36e-05 1.269669798941408e+18
7.37e-05 1.1990500547856046e+18
7.379999999999999e-05 1.1322740951878216e+18
7.39e-05 1.0691374990813279e+18
7.4e-05 1.0094464490095182e+18
7.41e-05 9.530171957817983e+17
7.42e-05 8.996755493700462e+17
7.429999999999999e-05 8.492563948007254e+17
7.439999999999999e-05 8.016032318546671e+17
7.45e-05 7.565677374409915e+17
7.46e-05 7.140093495636918e+17
7.47e-05 6.737948718491647e+17
7.48e-05 6.357980976505318e+17
7.489999999999999e-05 5.998994527900534e+17
7.5e-05 5.659856560443765e+17
7.51e-05 5.339493965188684e+17
7.52e-05 5.036890270969428e+17
7.53e-05 4.751082731881795e+17
7.54e-05 4.481159560352304e+17
7.549999999999999e-05 4.226257298740752e+17
7.56e-05 3.985558322752118e+17
7.57e-05 3.758288470248945e+17
7.58e-05 3.54371478935648e+17
7.59e-05 3.341143400040285e+17
7.599999999999999e-05 3.149917463610556e+17
7.609999999999999e-05 2.969415254869345e+17
7.62e-05 2.7990483318670256e+17
7.63e-05 2.6382597984729814e+17
7.64e-05 2.4865226551933715e+17
7.65e-05 2.3433382338861126e+17
7.659999999999999e-05 2.2082347122307027e+17
7.67e-05 2.080765704008347e+17
7.68e-05 1.960508921436636e+17
7.69e-05 1.8470649059830835e+17
7.7e-05 1.7400558242535744e+17
7.709999999999999e-05 1.6391243257155744e+17
7.719999999999999e-05 1.5439324591721254e+17
7.73e-05 1.4541606450515936e+17
7.74e-05 1.3695067007201214e+17
7.75e-05 1.2896849161591046e+17
7.76e-05 1.214425177479044e+17
7.769999999999999e-05 1.1434721358641144e+17
7.78e-05 1.076584419659006e+17
7.79e-05 1.0135338874212971e+17
7.8e-05 9.541049198690458e+16
7.81e-05 8.980937487547128e+16
7.819999999999999e-05 8.453078207931291e+16
7.829999999999999e-05 7.955651948632622e+16
7.84e-05 7.486939707911958e+16
7.85e-05 7.045317481052316e+16
7.86e-05 6.629251132335324e+16
7.87e-05 6.237291536904407e+16
7.879999999999999e-05 5.868069978697001e+16
7.89e-05 5.520293791314374e+16
7.9e-05 5.1927422293511016e+16
7.91e-05 4.884262558328075e+16
7.92e-05 4.5937663519650136e+16
7.93e-05 4.3202259860916936e+16
7.939999999999999e-05 4.062671319033316e+16
7.95e-05 3.8201865488154776e+16
7.96e-05 3.5919072380196016e+16
7.97e-05 3.3770174975813796e+16
7.98e-05 3.1747473212640004e+16
7.989999999999999e-05 2.9843700629557144e+16
7.999999999999999e-05 2.8052000493385988e+16
8.01e-05 2.6365903208532536e+16
8.02e-05 2.4779304942434348e+16
8.03e-05 2.328644740306281e+16
8.04e-05 2.188189870798551e+16
8.049999999999999e-05 2.0560535287580644e+16
8.06e-05 1.931752476792987e+16
8.07e-05 1.8148309781705892e+16
8.08e-05 1.704859265802146e+16
8.09e-05 1.6014320944725994e+16
8.099999999999999e-05 1.504167371902956e+16
8.109999999999999e-05 1.4127048644607958e+16
8.12e-05 1.3267049735503454e+16
8.13e-05 1.245847578918775e+16
8.14e-05 1.1698309453103332e+16
8.15e-05 1.0983706890850534e+16
8.159999999999999e-05 1.0311988015946042e+16
8.17e-05 9680627262747896.0
8.18e-05 9087244865727346.0
8.19e-05 8529598619772845.0
8.2e-05 8005576095640083.0
8.209999999999999e-05 7513187286018184.0
8.219999999999999e-05 7050557658969191.0
8.23e-05 6615921596719636.0
8.24e-05 6207616198942113.0
8.25e-05 5824075430764721.0
8.26e-05 5463824596789807.0
8.269999999999999e-05 5125475123393545.0
8.28e-05 4807719632516981.0
8.29e-05 4509327291050039.0
8.3e-05 4229139420754862.0
8.31e-05 3966065354476068.5
8.319999999999999e-05 3719078525145341.5
8.329999999999999e-05 3487212774808132.5
8.34e-05 3269558871583282.0
8.35e-05 3065261223113864.0
8.36e-05 2873514775681309.5
8.37e-05 2693562088736613.0
8.379999999999999e-05 2524690575153773.0
8.389999999999999e-05 2366229898033080.0
8.4e-05 2217549515376980.8
8.41e-05 2078056364430294.5
8.42e-05 1947192677920991.5
8.43e-05 1824433924858722.8
8.439999999999999e-05 1709286868947061.8
8.45e-05 1601287738043113.2
8.46e-05 1500000498455833.2
8.47e-05 1405015228213126.2
8.48e-05 1315946583748513.2
8.489999999999999e-05 1232432354761829.8
8.499999999999999e-05 1154132102295889.5
8.51e-05 1080725875343184.4
8.52e-05 1011913001554275.2
8.53e-05 947410947863323.1
8.54e-05 886954247076914.5
8.549999999999999e-05 830293486690671.1
8.56e-05 777194356404691.4
8.57e-05 727436751004322.5
8.58e-05 680813925457647.1
8.59e-05 637131699255969.5
8.599999999999999e-05 596207707189005.1
8.609999999999999e-05 557870693902935.0
8.62e-05 521959849737441.5
8.63e-05 488324185477747.0
8.64e-05 456821943789959.75
8.65e-05 427320045233094.8
8.659999999999999e-05 399693566859368.6
8.669999999999999e-05 373825251526115.44
8.68e-05 349605046148309.94
8.69e-05 326929667220501.56
8.7e-05 305702192031308.5
8.709999999999999e-05 285831674082758.6
8.719999999999999e-05 267232781310989.16
8.73e-05 249825455784386.84
8.74e-05 233534593630419.12
8.75e-05 218289744013406.4
8.76e-05 204024826052547.8
8.769999999999999e-05 190677862632845.25
8.779999999999999e-05 178190730121377.1
8.79e-05 166508923057845.9
8.8e-05 155581332941643.12
8.81e-05 145360040288010.2
8.82e-05 135800119173394.06
8.829999999999999e-05 126859453534946.66
8.84e-05 118498564531450.02
8.85e-05 110680448312901.0
8.86e-05 103370423583687.61
8.87e-05 96535988379862.56
8.879999999999999e-05 90146685514581.36
8.889999999999999e-05 84173976177435.08
8.9e-05 78591121203275.55
8.91e-05 73373069554303.78
8.92e-05 68496353585763.07
8.93e-05 63938990690636.82
8.939999999999999e-05 59680390942380.41
8.95e-05 55701270376997.31
8.96e-05 51983569576775.49
8.97e-05 48510377237804.21
8.98e-05 45265858422058.66
8.989999999999999e-05 42235187212435.53
8.999999999999999e-05 39404483505706.88
9.01e-05 36760753693987.09
9.02e-05 34291835000035.797
9.03e-05 31986343245595.23
9.04e-05 29833623845034.44
9.049999999999999e-05 27823705828888.887
9.059999999999999e-05 25947258713485.805
9.07e-05 24195552043773.434
9.08e-05 22560417446764.13
9.09e-05 21034213042693.836
9.099999999999999e-05 19609790070127.117
9.109999999999999e-05 18280461589830.684
9.12e-05 17039973140329.004
9.13e-05 15882475225672.4
9.14e-05 14802497523117.8
9.15e-05 13794924705170.852
9.159999999999999e-05 12854973776789.535
9.169999999999999e-05 11978172834526.62
9.18e-05 11160341160012.77
9.19e-05 10397570565474.303
9.2e-05 9686207913958.623
9.21e-05 9022838741624.268
9.219999999999999e-05 8404271913858.724
9.23e-05 7827525251131.261
9.24e-05 7289812064385.831
9.25e-05 6788528543444.484
9.26e-05 6321241945338.487
9.269999999999999e-05 5885679532725.139
9.279999999999999e-05 5479718215595.216
9.29e-05 5101374852340.3
9.3e-05 4748797168941.765
9.31e-05 4420255257573.969
9.32e-05 4114133618292.6787
9.329999999999999e-05 3828923709714.961
9.34e-05 3563216976697.1685
9.35e-05 3315698324991.1143
9.36e-05 3085140014712.6543
9.37e-05 2870395946198.694
9.379999999999999e-05 2670396313464.7666
9.389999999999999e-05 2484142602012.12
9.4e-05 2310702909176.5054
9.41e-05 2149207566566.2627
9.42e-05 1998845045410.0105
9.43e-05 1858858126829.2014
9.439999999999999e-05 1728540320172.716
9.449999999999999e-05 1607232513603.8303
9.46e-05 1494319842118.4653
9.47e-05 1389228759101.4973
9.48e-05 1291424298398.6753
9.489999999999999e-05 1200407514698.8584
9.499999999999999e-05 1115713090788.0088
9.51e-05 1036907100955.7601
9.52e-05 963584920510.2338
9.53e-05 895369271989.8359
9.54e-05 831908399254.519
9.549999999999999e-05 772874361195.8506
9.559999999999999e-05 717961437327.4186
9.57e-05 666884638006.7277
9.58e-05 619378312498.7788
9.59e-05 575194848521.8417
9.6e-05 534103457319.26807
9.609999999999999e-05 495889038679.20685
9.62e-05 460351120678.29346
9.63e-05 427302869257.2795
9.64e-05 396570163047.46814
9.65e-05 367990729158.04364
9.659999999999999e-05 341413335907.1014
9.669999999999999e-05 316697038734.54926
9.68e-05 293710475774.10834
9.69e-05 272331209785.39005
9.7e-05 252445113356.4023
9.71e-05 233945794482.71237
9.719999999999999e-05 216734059812.69113
9.73e-05 200717413019.5521
9.74e-05 185809585921.00006
9.75e-05 171930100116.89615
9.76e-05 159003857055.05908
9.769999999999999e-05 146960754565.75293
9.779999999999999e-05 135735328027.11008
9.79e-05 125266414437.22806
9.8e-05 115496837774.44078
9.81e-05 106373114125.75443
9.82e-05 97845175155.07758
9.829999999999999e-05 89866108568.05765
9.839999999999999e-05 82391914309.42867
9.85e-05 75381275302.12166
9.86e-05 68795341605.30357
9.87e-05 62597526931.289474
9.879999999999999e-05 56753316519.188614
9.889999999999999e-05 51230085416.44924
9.9e-05 45996926268.391045
9.91e-05 41024485760.574
9.92e-05 36284808899.64122
9.93e-05 31751190355.270752
9.939999999999999e-05 27398032119.23997
9.949999999999999e-05 23200706767.491146
9.96e-05 19135425637.62112
9.97e-05 15179111257.51657
9.98e-05 11309273381.02349
9.989999999999999e-05 7503888003.662696
9.999999999999999e-05 3741278745.558769
