2.5e-07 nan
5e-07 nan
7.5e-07 nan
1e-06 nan
1.2499999999999999e-06 nan
1.5e-06 nan
1.75e-06 nan
2e-06 nan
2.25e-06 nan
2.4999999999999998e-06 nan
2.75e-06 nan
3e-06 nan
3.25e-06 nan
3.5e-06 nan
3.7499999999999997e-06 nan
4e-06 nan
4.25e-06 nan
4.5e-06 nan
4.749999999999999e-06 nan
4.9999999999999996e-06 nan
5.25e-06 nan
5.5e-06 nan
5.75e-06 nan
6e-06 nan
6.2499999999999995e-06 nan
6.5e-06 nan
6.75e-06 nan
7e-06 nan
7.25e-06 nan
7.499999999999999e-06 nan
7.75e-06 nan
8e-06 nan
8.249999999999999e-06 nan
8.5e-06 nan
8.75e-06 nan
9e-06 nan
9.25e-06 nan
9.499999999999999e-06 nan
9.75e-06 nan
9.999999999999999e-06 nan
1.025e-05 nan
1.05e-05 nan
1.0749999999999999e-05 nan
1.1e-05 nan
1.1249999999999999e-05 nan
1.15e-05 nan
1.175e-05 nan
1.2e-05 nan
1.225e-05 nan
1.2499999999999999e-05 nan
1.275e-05 nan
1.3e-05 nan
1.325e-05 nan
1.35e-05 nan
1.3749999999999999e-05 nan
1.4e-05 nan
1.4249999999999999e-05 nan
1.45e-05 nan
1.475e-05 nan
1.4999999999999999e-05 nan
1.525e-05 nan
1.55e-05 nan
1.575e-05 nan
1.6e-05 nan
1.625e-05 nan
1.6499999999999998e-05 nan
1.675e-05 nan
1.7e-05 nan
1.725e-05 nan
1.75e-05 nan
1.7749999999999998e-05 nan
1.8e-05 nan
1.825e-05 nan
1.85e-05 nan
1.875e-05 nan
1.8999999999999998e-05 nan
1.925e-05 nan
1.95e-05 nan
1.975e-05 nan
1.9999999999999998e-05 nan
2.0249999999999998e-05 nan
2.05e-05 nan
2.075e-05 nan
2.1e-05 nan
2.1249999999999998e-05 nan
2.1499999999999997e-05 nan
2.175e-05 nan
2.2e-05 nan
2.225e-05 nan
2.2499999999999998e-05 nan
2.2749999999999997e-05 nan
2.3e-05 nan
2.325e-05 nan
2.35e-05 nan
2.3749999999999998e-05 nan
2.4e-05 nan
2.425e-05 nan
2.45e-05 nan
2.475e-05 nan
2.4999999999999998e-05 nan
2.525e-05 nan
2.55e-05 nan
2.575e-05 nan
2.6e-05 nan
2.6249999999999998e-05 nan
2.65e-05 nan
2.675e-05 nan
2.7e-05 nan
2.7249999999999998e-05 nan
2.7499999999999998e-05 nan
2.775e-05 nan
2.8e-05 nan
2.825e-05 nan
2.8499999999999998e-05 nan
2.8749999999999997e-05 nan
2.9e-05 nan
2.925e-05 nan
2.95e-05 nan
2.9749999999999998e-05 nan
2.9999999999999997e-05 nan
3.025e-05 nan
3.05e-05 nan
3.0749999999999995e-05 nan
3.1e-05 nan
3.125e-05 nan
3.15e-05 nan
3.175e-05 nan
3.2e-05 nan
3.225e-05 nan
3.25e-05 nan
3.2749999999999996e-05 nan
3.2999999999999996e-05 nan
3.325e-05 nan
3.35e-05 nan
3.375e-05 nan
3.4e-05 nan
3.425e-05 nan
3.45e-05 nan
3.475e-05 nan
3.5e-05 nan
3.5249999999999996e-05 nan
3.5499999999999996e-05 nan
3.575e-05 nan
3.6e-05 nan
3.625e-05 nan
3.65e-05 nan
3.675e-05 nan
3.7e-05 nan
3.725e-05 nan
3.75e-05 nan
3.7749999999999996e-05 nan
3.7999999999999995e-05 nan
3.825e-05 nan
3.85e-05 nan
3.875e-05 nan
3.9e-05 nan
3.925e-05 nan
3.95e-05 nan
3.975e-05 nan
3.9999999999999996e-05 nan
4.0249999999999996e-05 nan
4.0499999999999995e-05 nan
4.075e-05 nan
4.1e-05 nan
4.125e-05 nan
4.15e-05 nan
4.175e-05 nan
4.2e-05 nan
4.225e-05 nan
4.2499999999999996e-05 nan
4.2749999999999996e-05 nan
4.2999999999999995e-05 nan
4.325e-05 nan
4.35e-05 nan
4.375e-05 nan
4.4e-05 nan
4.425e-05 nan
4.45e-05 nan
4.475e-05 nan
4.4999999999999996e-05 nan
4.5249999999999995e-05 nan
4.5499999999999995e-05 nan
4.575e-05 nan
4.6e-05 nan
4.625e-05 nan
4.65e-05 nan
4.675e-05 nan
4.7e-05 nan
4.7249999999999997e-05 nan
4.7499999999999996e-05 nan
4.7749999999999995e-05 nan
4.8e-05 nan
4.825e-05 nan
4.85e-05 nan
4.875e-05 nan
4.9e-05 nan
4.925e-05 nan
4.95e-05 nan
4.9749999999999996e-05 nan
4.9999999999999996e-05 nan
