1.25e-07 1.4618273419359638e+27
2.5e-07 1.1098154511432235e+27
3.75e-07 7.578035591914118e+26
5e-07 4.057916649262312e+26
6.249999999999999e-07 1.9364362090898022e+26
7.5e-07 9.27338483771726e+25
8.75e-07 4.5094870165413785e+25
1e-06 2.3361094793483423e+25
1.125e-06 1.5031969091968008e+25
1.2499999999999999e-06 1.4661653104827153e+25
1.375e-06 1.4279444542322846e+25
1.5e-06 1.3898585438043465e+25
1.625e-06 1.3518878965745895e+25
1.75e-06 1.3140718792499261e+25
1.8749999999999998e-06 1.276452519592455e+25
2e-06 1.2390688680260976e+25
2.125e-06 1.2019580925025724e+25
2.25e-06 1.165156007134771e+25
2.3749999999999997e-06 1.1286971547369206e+25
2.4999999999999998e-06 1.0926148221578463e+25
2.625e-06 1.0569410603694658e+25
2.75e-06 1.0217066895102101e+25
2.875e-06 9.86941277225479e+24
3e-06 9.526730930236893e+24
3.1249999999999997e-06 9.18929046788363e+24
3.25e-06 8.857346200976767e+24
3.375e-06 8.531137976286964e+24
3.5e-06 8.210890039076553e+24
3.625e-06 7.896810486736955e+24
3.7499999999999997e-06 7.589090825221599e+24
3.875e-06 7.287905633897944e+24
4e-06 6.993412337712726e+24
4.1249999999999995e-06 6.70575108189351e+24
4.25e-06 6.425044702658119e+24
4.375e-06 6.151398786765255e+24
4.5e-06 5.884901812708758e+24
4.625e-06 5.625625366635031e+24
4.749999999999999e-06 5.373624426472163e+24
4.875e-06 5.128937708198189e+24
4.9999999999999996e-06 4.891588068586891e+24
5.125e-06 4.6615829591245314e+24
5.25e-06 4.438914926080001e+24
5.374999999999999e-06 4.223562151937729e+24
5.5e-06 4.015489033577033e+24
5.6249999999999995e-06 3.81464679271654e+24
5.75e-06 3.6209741142519844e+24
5.875e-06 3.434397808212207e+24
6e-06 3.254833491151642e+24
6.125e-06 3.0821862828963035e+24
6.2499999999999995e-06 2.9163515146685205e+24
6.375e-06 2.7572154447376964e+24
6.5e-06 2.6046559778806846e+24
6.625e-06 2.458543385086776e+24
6.75e-06 2.318741020107646e+24
6.874999999999999e-06 2.185106029631085e+24
7e-06 2.057490054046688e+24
7.1249999999999995e-06 1.9357399159707404e+24
7.25e-06 1.8196982939040548e+24
7.375e-06 1.7092043786088008e+24
7.499999999999999e-06 1.6040945100067295e+24
7.625e-06 1.5042027926198528e+24
7.75e-06 1.4093616877940837e+24
7.875e-06 1.319402581165065e+24
8e-06 1.2341563240420857e+24
8.125e-06 1.1534537475991188e+24
8.249999999999999e-06 1.077126148970721e+24
8.375e-06 1.0050057485533047e+24
8.5e-06 9.369261180084301e+23
8.625e-06 8.727225786531126e+23
8.75e-06 8.122325701019409e+23
8.874999999999999e-06 7.5529598919627e+23
9e-06 7.017554994162359e+23
9.125e-06 6.514568111213356e+23
9.25e-06 6.0424893310424285e+23
9.375e-06 5.599843960702294e+23
9.499999999999999e-06 5.1851944877057976e+23
9.625e-06 4.797142276227634e+23
9.75e-06 4.43432900742696e+23
9.875e-06 4.095437873952751e+23
9.999999999999999e-06 3.77919453938659e+23
1.0124999999999999e-05 3.4843678739569664e+23
1.025e-05 3.209770478327896e+23
1.0375e-05 2.9542590076269094e+23
1.05e-05 2.7167343081374117e+23
1.0624999999999999e-05 2.496141379242917e+23
1.0749999999999999e-05 2.2914691732815498e+23
1.0875e-05 2.1017502459540163e+23
1.1e-05 1.9260602698332567e+23
1.1125e-05 1.7635174233557124e+23
1.1249999999999999e-05 1.6132816674389465e+23
1.1374999999999999e-05 1.474553921575138e+23
1.15e-05 1.3465751509010877e+23
1.1625e-05 1.2286253753497963e+23
1.175e-05 1.1200226115525483e+23
1.1874999999999999e-05 1.0201217576903416e+23
1.2e-05 9.283134309954425e+22
1.2125e-05 8.440227670836739e+22
1.225e-05 7.667081897614348e+22
1.2375e-05 6.9586015940348735e+22
1.2499999999999999e-05 6.309999074433618e+22
1.2625e-05 5.716781639621607e+22
1.275e-05 5.174738848079514e+22
1.2875e-05 4.679929841305396e+22
1.3e-05 4.228670776786769e+22
1.3124999999999999e-05 3.817522416817265e+22
1.325e-05 3.4432779162819844e+22
1.3375e-05 3.102950847616542e+22
1.35e-05 2.793763496422808e+22
1.3624999999999999e-05 2.5131354567156374e+22
1.3749999999999999e-05 2.25867255049266e+22
1.3875e-05 2.028156092273628e+22
1.4e-05 1.8195325154540403e+22
1.4125e-05 1.6309033737647475e+22
1.4249999999999999e-05 1.460515727826595e+22
1.4374999999999999e-05 1.3067529237377411e+22
1.45e-05 1.1681257678281451e+22
1.4625e-05 1.043264099157712e+22
1.475e-05 9.309087590159659e+21
1.4874999999999999e-05 8.299039545951513e+21
1.4999999999999999e-05 7.391900121473871e+21
1.5125e-05 6.577965132908326e+21
1.525e-05 5.848358066900002e+21
1.5374999999999998e-05 5.194968860908069e+21
1.55e-05 4.61039624630804e+21
1.5625e-05 4.08789354457785e+21
1.575e-05 3.621317799642288e+21
1.5875e-05 3.205082123690194e+21
1.6e-05 2.8341111294005467e+21
1.6125e-05 2.5037993184014594e+21
1.625e-05 2.20997229382755e+21
1.6374999999999998e-05 1.9488506639257633e+21
1.6499999999999998e-05 1.7170165036811118e+21
1.6625e-05 1.5113822422892295e+21
1.675e-05 1.329161845894333e+21
1.6875e-05 1.167844167245895e+21
1.7e-05 1.0251683367173337e+21
1.7125e-05 8.991010723927352e+20
1.725e-05 7.87815790586155e+20
1.7375e-05 6.896734021409144e+20
1.75e-05 6.032046840977941e+20
1.7624999999999998e-05 5.270941207607555e+20
1.7749999999999998e-05 4.601651127719184e+20
1.7875e-05 4.013664574844095e+20
1.8e-05 3.497600086477759e+20
1.8125e-05 3.0450942815637996e+20
1.825e-05 2.6486994732149388e+20
1.8375e-05 2.3017905978219685e+20
1.85e-05 1.998480727422043e+20
1.8625e-05 1.7335444768687646e+20
1.875e-05 1.5023486607799167e+20
1.8874999999999998e-05 1.3007895972779313e+20
1.8999999999999998e-05 1.125236496058123e+20
1.9125e-05 9.724804072230465e+19
1.925e-05 8.396882445356987e+19
1.9375e-05 7.24361432220281e+19
1.95e-05 6.242987581476379e+19
1.9625e-05 5.3756304817190584e+19
1.975e-05 4.624513065398013e+19
1.9875e-05 3.9746799569224294e+19
1.9999999999999998e-05 3.4130115544944288e+19
2.0124999999999998e-05 2.928010865546611e+19
2.0249999999999998e-05 2.509613468964067e+19
2.0375e-05 2.149018304883921e+19
2.05e-05 1.8385371952087863e+19
2.0625e-05 1.5714611857006019e+19
2.075e-05 1.3419419743067611e+19
2.0875e-05 1.1448868508991416e+19
2.1e-05 9.758657215775447e+18
2.1125e-05 8.310289268040042e+18
2.1249999999999998e-05 7.070346875917723e+18
2.1374999999999998e-05 6.009851284616817e+18
2.1499999999999997e-05 5.103699305741093e+18
2.1625e-05 4.330167640039556e+18
2.175e-05 3.670477351846704e+18
2.1875e-05 3.108411647173928e+18
2.2e-05 2.6299808260879135e+18
2.2125e-05 2.2231289312508495e+18
2.225e-05 1.8774772036063488e+18
2.2375e-05 1.5840999881931018e+18
2.2499999999999998e-05 1.335329212684798e+18
2.2624999999999998e-05 1.1245839929307546e+18
2.2749999999999997e-05 9.46222307663673e+17
2.2875e-05 7.954120325272083e+17
2.3e-05 6.680189352640604e+17
2.3125e-05 5.605095126414865e+17
2.325e-05 4.698667985706869e+17
2.3375e-05 3.9351749475499866e+17
2.35e-05 3.292689727070582e+17
2.3624999999999998e-05 2.7525487151892067e+17
2.3749999999999998e-05 2.2988817156040598e+17
2.3874999999999998e-05 1.918207623374901e+17
2.4e-05 1.599086449037638e+17
2.4125e-05 1.3318201715675946e+17
2.425e-05 1.1081958558561058e+17
2.4375e-05 9.21265309421406e+16
2.45e-05 7.651562912690792e+16
2.4625e-05 6.3491093435984424e+16
2.475e-05 5.263476121252191e+16
2.4874999999999998e-05 4.359429779622089e+16
2.4999999999999998e-05 3.607313427685716e+16
2.5124999999999997e-05 2.9821893662965892e+16
2.525e-05 2.4631093324043584e+16
2.5375e-05 2.0324940534307212e+16
2.55e-05 1.6756063154644198e+16
2.5625e-05 1.3801039395937558e+16
2.575e-05 1.135660961876351e+16
2.5875e-05 9336469602297024.0
2.6e-05 7668558978151535.0
2.6124999999999998e-05 6292770854464719.0
2.6249999999999998e-05 5159019300060283.0
2.6374999999999997e-05 4225610536411941.5
2.65e-05 3457871588328622.0
2.6625e-05 2826996941122140.5
2.675e-05 2309079589957118.5
2.6875e-05 1884297875058559.8
2.7e-05 1536233787049865.8
2.7125e-05 1251302098067244.5
2.7249999999999998e-05 1018272811892657.4
2.7374999999999998e-05 827872104438824.8
2.7499999999999998e-05 672449208972734.2
2.7624999999999997e-05 545698644350639.6
2.775e-05 442428837611422.44
2.7875e-05 358369596323980.75
2.8e-05 290012077168976.6
2.8125e-05 234475906431359.2
2.825e-05 189398962129293.3
2.8375e-05 152846049387547.9
2.8499999999999998e-05 123233310099415.2
2.8624999999999998e-05 99265721810565.97
2.8749999999999997e-05 79885473563615.06
2.8874999999999997e-05 64229370523951.336
2.9e-05 51593725114883.17
2.9125e-05 41405449114942.76
2.925e-05 33198276365886.527
2.9375e-05 26593225912609.863
2.95e-05 21282566069189.21
2.9625e-05 17016665761425.637
2.9749999999999998e-05 13593224500677.287
2.9874999999999998e-05 10848459849408.031
2.9999999999999997e-05 8649904077437.54
3.0124999999999997e-05 6890522267724.975
3.025e-05 5483914423533.432
3.0375e-05 4360405847575.146
3.05e-05 3463864630363.8906
3.0625e-05 2749113692897.4746
3.0749999999999995e-05 2179828478150.4753
3.0875e-05 1726830913886.5635
3.1e-05 1366706375917.256
3.1125e-05 1080683650546.4996
3.125e-05 853728814905.9006
3.1375e-05 673812930126.2944
3.15e-05 531320812487.0378
3.1624999999999996e-05 418574192400.75305
3.175e-05 329447523154.89
3.1874999999999996e-05 259058753718.89627
3.2e-05 203520692389.5329
3.2125e-05 159741292676.1654
3.225e-05 125263398707.2248
3.2375e-05 98136284546.8978
3.25e-05 76812784277.24274
3.2625e-05 60066998525.39541
3.2749999999999996e-05 46928528434.36367
3.2875e-05 36629971047.24171
3.2999999999999996e-05 28565044446.45155
3.3125e-05 22255224401.159378
3.325e-05 17323189337.10995
3.3375e-05 13471705627.600864
3.35e-05 10466855588.99372
3.3625e-05 8124728439.133842
3.375e-05 6300869849.166026
3.3875e-05 4881926726.805012
3.4e-05 3779037123.1855106
3.4124999999999996e-05 2922606020.1613045
3.425e-05 2258180577.8327003
3.4374999999999995e-05 1743196722.594615
3.45e-05 1344415579.9631412
3.4625e-05 1035905502.4038503
3.475e-05 797455164.7374442
3.4875e-05 613326892.789962
3.5e-05 471278257.63979137
3.5125e-05 361794975.2137229
3.5249999999999996e-05 277490075.8084656
3.5375e-05 212633773.44594038
3.5499999999999996e-05 162785970.09169123
3.5625e-05 124509274.3049531
3.575e-05 95145117.35451226
3.5875e-05 72639267.39171214
3.6e-05 55405977.47326573
3.6125e-05 42222318.27068229
3.625e-05 32146070.293003023
3.6374999999999996e-05 24451986.031344805
3.65e-05 18582361.128281385
3.6624999999999996e-05 14108740.154087294
3.675e-05 10702278.08383241
3.6874999999999995e-05 8110823.680965762
3.7e-05 6141217.780431402
3.7125e-05 4645633.262223726
3.725e-05 3511044.3028741158
3.7375e-05 2651116.040519584
3.75e-05 1999964.490302317
3.7625e-05 1507360.1531750117
3.7749999999999996e-05 1135044.9334872572
3.7875e-05 853906.7302428643
3.7999999999999995e-05 641814.1054388243
3.8125e-05 481958.4496728403
3.825e-05 361585.9457345838
3.8375e-05 271028.6295941341
3.85e-05 202964.72453348344
3.8625e-05 151854.54983381377
3.875e-05 113510.74867900173
3.8874999999999996e-05 84771.171796967
3.9e-05 63250.13963710249
3.9124999999999996e-05 47149.487895685146
3.925e-05 35115.167701233644
3.9374999999999995e-05 26128.52389227629
3.95e-05 19423.94557795662
3.9625e-05 14426.552683882603
3.975e-05 10705.089529664741
3.9875e-05 7936.348936778794
3.9999999999999996e-05 5878.330584232651
4.0125e-05 4350.008937821727
4.0249999999999996e-05 3216.0979957463355
4.0375e-05 2375.5898931062243
4.0499999999999995e-05 1753.1409199412033
4.0625e-05 1292.6038290855072
4.075e-05 952.1763600492027
4.0875e-05 700.7656240429908
4.1e-05 515.266270526433
4.1125e-05 378.5247339515205
4.125e-05 277.8180947523024
4.1374999999999996e-05 203.71856377843093
4.15e-05 149.24664895496517
4.1624999999999995e-05 109.24022159490013
4.175e-05 79.884892012743
4.1875e-05 58.36478964068446
4.2e-05 42.603127813122434
4.2125e-05 31.069654987285514
4.225e-05 22.637885475119123
4.2375e-05 16.47934197277566
4.2499999999999996e-05 11.985290131194798
4.2625e-05 8.708874120383038
4.2749999999999996e-05 6.3223764303875765
4.2875e-05 4.585679107934337
4.2999999999999995e-05 3.3230130411843213
4.3125e-05 2.405833702496142
4.325e-05 1.7402211302975483
4.3375e-05 1.2576177147023022
4.35e-05 0.9080260984826242
4.3624999999999997e-05 0.6550185425834287
4.375e-05 0.4720788436160334
4.3874999999999996e-05 0.3399235579908487
4.4e-05 0.24454223404424644
4.4124999999999995e-05 0.17576503123830728
4.425e-05 0.12621680086654416
4.4375e-05 0.09055408715875825
4.45e-05 0.06490904901873339
4.4625e-05 0.04648457247159396
4.475e-05 0.03325974736711455
4.4875e-05 0.023775828917346756
4.4999999999999996e-05 0.016980837646468995
4.5125e-05 0.012116840198016909
4.5249999999999995e-05 0.00863826623932382
4.5375e-05 0.006152772137137715
4.5499999999999995e-05 0.004378468470247714
4.5625e-05 0.003113012595989022
4.575e-05 0.002211296066967196
4.5875e-05 0.0015693520592452545
4.6e-05 0.0011127598594388379
4.6124999999999996e-05 0.0007882976114144916
4.625e-05 0.0005579390645226715
4.6374999999999996e-05 0.0003945401801750058
4.65e-05 0.0002787428438483449
4.6624999999999995e-05 0.00019675435064367902
4.675e-05 0.00013875645707509741
4.6875e-05 9.776657733526785e-05
4.7e-05 6.882339348102131e-05
4.7125e-05 4.840501137302877e-05
4.7249999999999997e-05 3.401365113417649e-05
4.7375e-05 2.3879485748968355e-05
4.7499999999999996e-05 1.6749643978556473e-05
4.7625e-05 1.1738028969656977e-05
4.7749999999999995e-05 8.218524052309827e-06
4.7875e-05 5.749122519804406e-06
4.8e-05 4.018077421552152e-06
4.8125e-05 2.8057162744991993e-06
4.825e-05 1.9573891591906835e-06
4.8375e-05 1.3643220497632614e-06
4.85e-05 9.500779153859101e-07
4.8624999999999996e-05 6.609920512578492e-07
4.875e-05 4.594212558467991e-07
4.8874999999999995e-05 3.189833496346391e-07
4.9e-05 2.2120314382790672e-07
4.9124999999999995e-05 1.5315122538827537e-07
4.925e-05 1.0578277277863662e-07
4.9375e-05 7.27692929681556e-08
4.95e-05 4.967682582369031e-08
4.9625e-05 3.338702414067776e-08
4.9749999999999996e-05 2.1687721494386227e-08
4.9875e-05 1.298078407624994e-08
4.9999999999999996e-05 6.069771757335299e-09
