2.5e-07 3.43206430935247e+26
5e-07 5.319931579789597e+26
7.5e-07 7.190125221671278e+26
1e-06 9.036488088258766e+26
1.2499999999999999e-06 1.0852995562319858e+27
1.5e-06 1.2633788524578496e+27
1.75e-06 1.437320502933271e+27
2e-06 1.60658104461827e+27
2.25e-06 1.7706425842250007e+27
2.4999999999999998e-06 1.9290154396888476e+27
2.75e-06 2.0812405660469776e+27
3e-06 2.2268917490132249e+27
3.25e-06 2.3655775518152112e+27
3.5e-06 2.496943003255722e+27
3.7499999999999997e-06 2.620671017446874e+27
4e-06 2.736483538213374e+27
4.25e-06 2.8441424037402583e+27
4.5e-06 2.943449929621724e+27
4.749999999999999e-06 3.0342492110214176e+27
4.9999999999999996e-06 3.1164241471530517e+27
5.25e-06 3.189899193706071e+27
5.5e-06 3.254638851149153e+27
5.75e-06 3.310646899020729e+27
6e-06 3.3579653883393233e+27
6.2499999999999995e-06 3.396673406118162e+27
6.5e-06 3.426885627631823e+27
6.75e-06 3.4487506735441076e+27
7e-06 3.462449290254934e+27
7.25e-06 3.468192372852138e+27
7.499999999999999e-06 3.466218850856646e+27
7.75e-06 3.4567934575246395e+27
8e-06 3.44020440381895e+27
8.249999999999999e-06 3.416760978287674e+27
8.5e-06 3.386791093997116e+27
8.75e-06 3.3506388033675005e+27
9e-06 3.308661801264152e+27
9.25e-06 3.2612289360173046e+27
9.499999999999999e-06 3.2087177471947904e+27
9.75e-06 3.1515120479499406e+27
9.999999999999999e-06 3.0899995686295385e+27
1.025e-05 3.0245696770717795e+27
1.05e-05 2.9556111896710953e+27
1.0749999999999999e-05 2.883510285854596e+27
1.1e-05 2.8086485371232765e+27
1.1249999999999999e-05 2.73140106027924e+27
1.15e-05 2.652134802906854e+27
1.175e-05 2.5712069676191093e+27
1.2e-05 2.4889635800379383e+27
1.225e-05 2.4057382039648907e+27
1.2499999999999999e-05 2.321850805731593e+27
1.275e-05 2.237606768311496e+27
1.3e-05 2.153296054437662e+27
1.325e-05 2.069192516716625e+27
1.35e-05 1.985553351564602e+27
1.3749999999999999e-05 1.9026186927271757e+27
1.4e-05 1.8206113391827294e+27
1.4249999999999999e-05 1.7397366113777313e+27
1.45e-05 1.6601823290010328e+27
1.475e-05 1.5821189028759356e+27
1.4999999999999999e-05 1.5056995330324954e+27
1.525e-05 1.431060504616955e+27
1.55e-05 1.358321572997364e+27
1.575e-05 1.287586429230531e+27
1.6e-05 1.2189432369605433e+27
1.625e-05 1.1524652318174095e+27
1.6499999999999998e-05 1.0882113744694908e+27
1.675e-05 1.0262270486482516e+27
1.7e-05 9.665447957009555e+26
1.725e-05 9.09185077528486e+26
1.75e-05 8.54157060123458e+26
1.7749999999999998e-05 8.014594103301512e+26
1.8e-05 7.510810988944764e+26
1.825e-05 7.030022033513278e+26
1.85e-05 6.571947048005499e+26
1.875e-05 6.136232731440669e+26
1.8999999999999998e-05 5.7224603588845065e+26
1.925e-05 5.330153261528613e+26
1.95e-05 4.9587840605578816e+26
1.975e-05 4.607781621798835e+26
1.9999999999999998e-05 4.27653770327408e+26
2.0249999999999998e-05 3.964413272750385e+26
2.05e-05 3.670744477121848e+26
2.075e-05 3.39484824998315e+26
2.1e-05 3.1360275479938896e+26
2.1249999999999998e-05 2.8935762105926852e+26
2.1499999999999997e-05 2.6667834412729277e+26
2.175e-05 2.4549379119699327e+26
2.2e-05 2.2573314951256235e+26
2.225e-05 2.073262630689781e+26
2.2499999999999998e-05 1.9020393376884492e+26
2.2749999999999997e-05 1.742981882045797e+26
2.3e-05 1.5954251140944002e+26
2.325e-05 1.4587204906618544e+26
2.35e-05 1.3322377977927132e+26
2.3749999999999998e-05 1.2153665910694486e+26
2.4e-05 1.10751737115172e+26
2.425e-05 1.0081225125779204e+26
2.45e-05 9.166369640858449e+25
2.475e-05 8.32538738729942e+25
2.4999999999999998e-05 7.553292119207019e+25
2.525e-05 6.845332452069021e+25
2.55e-05 6.1969915318304225e+25
2.575e-05 5.603985303510737e+25
2.6e-05 5.0622595411555825e+25
2.6249999999999998e-05 4.567985793618825e+25
2.65e-05 4.117556392743251e+25
2.675e-05 3.7075786620977185e+25
2.7e-05 3.334868455677214e+25
2.7249999999999998e-05 2.9964431470073917e+25
2.7499999999999998e-05 2.689514180032992e+25
2.775e-05 2.411479284114145e+25
2.8e-05 2.159914446497705e+25
2.825e-05 1.9325657268525955e+25
2.8499999999999998e-05 1.7273409899273984e+25
2.8749999999999997e-05 1.542301624162884e+25
2.9e-05 1.3756543062194162e+25
2.925e-05 1.2257428638970033e+25
2.95e-05 1.0910402828632226e+25
2.9749999999999998e-05 9.701408959819098e+24
2.9999999999999997e-05 8.617527878667774e+24
3.025e-05 7.646904415754841e+24
3.05e-05 6.778676491117968e+24
3.0749999999999995e-05 6.002907026117558e+24
3.1e-05 5.310518787451714e+24
3.125e-05 4.6932322495339175e+24
3.15e-05 4.1435065265213165e+24
3.175e-05 3.654483394355745e+24
3.2e-05 3.2199343960441074e+24
3.225e-05 2.8342109998380883e+24
3.25e-05 2.49219775974434e+24
3.2749999999999996e-05 2.1892684106679047e+24
3.2999999999999996e-05 1.9212448162234813e+24
3.325e-05 1.6843586756023997e+24
3.35e-05 1.475215886621832e+24
3.375e-05 1.2907634549771743e+24
3.4e-05 1.1282588345464574e+24
3.425e-05 9.852415801444932e+23
3.45e-05 8.595071921920038e+23
3.475e-05 7.490830321606821e+23
3.5e-05 6.522061882005638e+23
3.5249999999999996e-05 5.673031718853539e+23
3.5499999999999996e-05 4.929713293714182e+23
3.575e-05 4.279618533166087e+23
3.6e-05 3.711642855182088e+23
3.625e-05 3.2159240428952685e+23
3.65e-05 2.7837139499839915e+23
3.675e-05 2.4072620684575772e+23
3.7e-05 2.0797100378692706e+23
3.725e-05 1.794996224210211e+23
3.75e-05 1.547769546327686e+23
3.7749999999999996e-05 1.3333117771312408e+23
3.7999999999999995e-05 1.1474675956506411e+23
3.825e-05 9.865817138132238e+22
3.85e-05 8.474424483053956e+22
3.875e-05 7.272311528248033e+22
3.9e-05 6.2347696922120545e+22
3.925e-05 5.340163973187003e+22
3.95e-05 4.569572225054466e+22
3.975e-05 3.906463774022425e+22
3.9999999999999996e-05 3.3364134904321613e+22
4.0249999999999996e-05 2.84684776012872e+22
4.0499999999999995e-05 2.4268191089947323e+22
4.075e-05 2.0668065228030944e+22
4.1e-05 1.758538773008215e+22
4.125e-05 1.4948383081065571e+22
4.15e-05 1.2694835004939126e+22
4.175e-05 1.0770872511440907e+22
4.2e-05 9.129901498007796e+21
4.225e-05 7.731665676164837e+21
4.2499999999999996e-05 6.541422232146134e+21
4.2749999999999996e-05 5.529219129241672e+21
4.2999999999999995e-05 4.669262323668205e+21
4.325e-05 3.939362405745661e+21
4.35e-05 3.3204513027068285e+21
4.375e-05 2.7961606971730003e+21
4.4e-05 2.352454734450762e+21
4.425e-05 1.9773104202330567e+21
4.45e-05 1.6604398555107046e+21
4.475e-05 1.3930491245954717e+21
4.4999999999999996e-05 1.1676292517770791e+21
4.5249999999999995e-05 9.777751785145991e+20
4.5499999999999995e-05 8.180291920076328e+20
4.575e-05 6.837456629018025e+20
4.6e-05 5.709743297526662e+20
4.625e-05 4.763597053116697e+20
4.65e-05 3.970544789461631e+20
4.675e-05 3.3064505444944996e+20
4.7e-05 2.7508759668948376e+20
4.7249999999999997e-05 2.2865316722555634e+20
4.7499999999999996e-05 1.8988071113658047e+20
4.7749999999999995e-05 1.575368175237385e+20
4.8e-05 1.305813168911512e+20
4.825e-05 1.0813790205215813e+20
4.85e-05 8.946906732002882e+19
4.875e-05 7.395475528526858e+19
4.9e-05 6.107418303934835e+19
4.925e-05 5.039039169216536e+19
4.95e-05 4.153712571156614e+19
4.9749999999999996e-05 3.420770311383969e+19
4.9999999999999996e-05 2.814558485550936e+19
5.0249999999999995e-05 2.313639280773358e+19
5.05e-05 1.90011612224655e+19
5.075e-05 1.5590637320404697e+19
5.1e-05 1.278047315920092e+19
5.125e-05 1.0467173817785227e+19
5.15e-05 8.564686635352916e+18
5.175e-05 7.001533189585385e+18
5.2e-05 5.718400254755393e+18
5.2249999999999996e-05 4.666118467223986e+18
5.2499999999999995e-05 3.803968123813245e+18
5.2749999999999995e-05 3.0982606921418757e+18
5.3e-05 2.5211524342007337e+18
5.325e-05 2.0496532204073743e+18
5.35e-05 1.6647993018977846e+18
5.375e-05 1.350963653275238e+18
5.4e-05 1.0952816170945481e+18
5.425e-05 8.871730792966509e+17
5.4499999999999997e-05 7.179453716232922e+17
5.4749999999999996e-05 5.804636102940006e+17
5.4999999999999995e-05 4.688773066600275e+17
5.5249999999999994e-05 3.783938825142052e+17
5.55e-05 3.0509123944405894e+17
5.575e-05 2.4576281023669994e+17
5.6e-05 1.9778959696084048e+17
5.625e-05 1.5903460579630534e+17
5.65e-05 1.2775584926476304e+17
5.675e-05 1.0253472465752046e+17
5.6999999999999996e-05 8.221711223711502e+16
5.7249999999999996e-05 6.5864984424563544e+16
5.7499999999999995e-05 5.271669143612508e+16
5.7749999999999994e-05 4.215440136767756e+16
5.8e-05 3.3677433416004132e+16
5.825e-05 2.6880440122430668e+16
5.85e-05 2.1435575273511276e+16
5.875e-05 1.7077934338858968e+16
5.9e-05 1.359367907252556e+16
5.925e-05 1.081036136078242e+16
5.9499999999999996e-05 8589047101414061.0
5.9749999999999995e-05 6817911813846820.0
5.9999999999999995e-05 5407038290815495.0
6.0249999999999994e-05 4284194990495128.5
6.05e-05 3391413771231578.5
6.075e-05 2682218440087095.5
6.1e-05 2119382631001117.2
6.125e-05 1673117755691108.5
6.149999999999999e-05 1319610018173609.0
6.175e-05 1039840447804203.0
6.2e-05 818634163314413.5
6.225e-05 643895109839516.6
6.25e-05 505990708312386.8
6.275e-05 397257549142362.56
6.3e-05 311604720045204.6
6.324999999999999e-05 244195804104834.78
6.35e-05 191194202205579.78
6.374999999999999e-05 149559374909953.75
6.4e-05 116883986787279.53
6.425e-05 91263872997369.83
6.45e-05 71194317122334.7
6.475e-05 55487399212826.36
6.5e-05 43206199714874.414
6.525e-05 33612474073871.188
6.549999999999999e-05 26125081669546.188
6.575e-05 20286991720150.023
6.599999999999999e-05 15739122656265.81
6.625e-05 12199620332689.742
6.65e-05 9447460670621.963
6.675e-05 7309487167879.764
6.7e-05 5650173933317.976
6.725e-05 4363549196627.7925
6.75e-05 3366829653955.282
6.775e-05 2595408217732.726
6.8e-05 1998911331861.0017
6.824999999999999e-05 1538100686782.983
6.85e-05 1182440898136.0337
6.874999999999999e-05 908191889767.6176
6.9e-05 696914268308.8418
6.925e-05 534299433709.2465
6.95e-05 409254773475.05524
6.975e-05 313189026710.26935
7e-05 239454568167.00848
7.025e-05 182912583952.04373
7.049999999999999e-05 139594393221.26077
7.075e-05 106437915726.81981
7.099999999999999e-05 81082813179.60652
7.125e-05 61711397299.20536
7.15e-05 46925201107.7237
7.175e-05 35649312737.36817
7.2e-05 27058299786.58946
7.225e-05 20518907646.775948
7.25e-05 15545776772.47908
7.274999999999999e-05 11767254424.248444
7.3e-05 8899025567.876162
7.324999999999999e-05 6723794463.493955
7.35e-05 5075643810.238584
7.374999999999999e-05 3828006345.8126507
7.4e-05 2884423566.0327425
7.425e-05 2171452665.5393867
7.45e-05 1633227620.3278306
7.475e-05 1227292710.0993323
7.5e-05 921413891.9840379
7.525e-05 691140897.5046532
7.549999999999999e-05 517945112.2383784
7.575e-05 387798628.9807999
7.599999999999999e-05 290091002.11229134
7.625e-05 216804244.9234452
7.65e-05 161885113.44612136
7.675e-05 120767960.68047443
7.7e-05 90012394.40293388
7.725e-05 67028382.034529746
7.75e-05 49867899.56042421
7.774999999999999e-05 37067168.483872265
7.8e-05 27527313.121636078
7.824999999999999e-05 20424168.65258818
7.85e-05 15140185.172495788
7.874999999999999e-05 11213063.96710283
7.9e-05 8297051.907618423
7.925e-05 6133802.529148444
7.95e-05 4530460.316454892
7.975e-05 3343193.473683478
7.999999999999999e-05 2464832.5003899722
8.025e-05 1815599.7654101325
8.049999999999999e-05 1336163.8330808263
8.075e-05 982440.5473666589
8.099999999999999e-05 721705.3102670892
8.125e-05 529688.6464563562
8.15e-05 388408.4357961014
8.175e-05 284553.5152151786
8.2e-05 208279.5612307555
8.225e-05 152312.95276193894
8.25e-05 111284.47777653183
8.274999999999999e-05 81234.40528156878
8.3e-05 59245.199318251034
8.324999999999999e-05 43169.21575888965
8.35e-05 31427.010914040606
8.375e-05 22858.093556683627
8.4e-05 16610.589178692888
8.425e-05 12059.748752836018
8.45e-05 8747.818520187042
8.475e-05 6339.713645677316
8.499999999999999e-05 4590.3730681619645
8.525e-05 3320.7400420797117
8.549999999999999e-05 2400.1059976099987
8.575e-05 1733.1442266405434
8.599999999999999e-05 1250.3967019317618
8.625e-05 901.3010135376107
8.65e-05 649.0840212847171
8.675e-05 467.0260326030066
8.7e-05 335.7302450747965
8.724999999999999e-05 241.12883460170153
8.75e-05 173.02833289764527
8.774999999999999e-05 124.04943533462774
8.8e-05 88.8550156801301
8.824999999999999e-05 63.58853038501421
8.85e-05 45.46585982962813
8.875e-05 32.478944483292096
8.9e-05 23.180797861138206
8.925e-05 16.52969824180226
8.95e-05 11.77637539959143
8.975e-05 8.382404732201122
8.999999999999999e-05 5.961231379334563
9.025e-05 4.2355888684150695
9.049999999999999e-05 3.0067836771540595
9.075e-05 2.1325598858948407
9.099999999999999e-05 1.5111621031963276
9.125e-05 1.0698717960854291
9.15e-05 0.7567691011640477
9.175e-05 0.534818120274222
9.2e-05 0.37762436287838136
9.224999999999999e-05 0.2663944486198573
9.25e-05 0.18775940915130476
9.274999999999999e-05 0.13221773921564112
9.3e-05 0.0930227821149909
9.324999999999999e-05 0.06538838409961026
9.35e-05 0.045922304401133984
9.375e-05 0.032222455445433985
9.4e-05 0.022589446278076387
9.425e-05 0.015822118671238134
9.449999999999999e-05 0.011072250207208529
9.475e-05 0.007741398928060325
9.499999999999999e-05 0.0054077350458639085
9.525e-05 0.003774190790721299
9.549999999999999e-05 0.0026317513435091503
9.575e-05 0.0018334895526478463
9.6e-05 0.0012762170604865269
9.625e-05 0.0008875297435661879
9.65e-05 0.0006166700910047465
9.675e-05 0.0004280878625814242
9.7e-05 0.0002969064331952787
9.724999999999999e-05 0.00020573378222828775
9.75e-05 0.0001424213630579197
9.774999999999999e-05 9.849052341408019e-05
9.8e-05 6.802859352464346e-05
9.824999999999999e-05 4.6915079664274466e-05
9.85e-05 3.2279612201538935e-05
9.875e-05 2.2122385185994164e-05
9.9e-05 1.5048327388650267e-05
9.925e-05 1.0080670290735351e-05
9.949999999999999e-05 6.529700793575199e-06
9.975e-05 3.899556766036615e-06
9.999999999999999e-05 1.8208204886085061e-06
