1e-07 9.874726999626003e+27
2e-07 9.677326042651298e+27
3e-07 9.480122620235449e+27
4e-07 9.28323719759875e+27
5e-07 9.086789656417622e+27
6e-07 8.890899075845459e+27
7e-07 8.695683515984842e+27
8e-07 8.501259804467249e+27
9e-07 8.307743326783157e+27
1e-06 8.115247820989472e+27
1.1e-06 7.923885177402572e+27
1.2e-06 7.733765243864155e+27
1.2999999999999998e-06 7.544995637143576e+27
1.4e-06 7.357681561014499e+27
1.5e-06 7.171925631515808e+27
1.6e-06 6.987827709876702e+27
1.6999999999999998e-06 6.805484743554223e+27
1.8e-06 6.624990615797996e+27
1.9e-06 6.446436004122036e+27
2e-06 6.269908248027323e+27
2.1e-06 6.095491226281497e+27
2.2e-06 5.923265244023797e+27
2.3e-06 5.753306929924418e+27
2.4e-06 5.585689143587995e+27
2.4999999999999998e-06 5.420480893351115e+27
2.5999999999999997e-06 5.257747264583836e+27
2.7e-06 5.097549358565323e+27
2.8e-06 4.939944241964144e+27
2.8999999999999998e-06 4.784984906914622e+27
3e-06 4.6327202416421074e+27
3.1e-06 4.48319501155238e+27
3.2e-06 4.3364498506636554e+27
3.2999999999999997e-06 4.1925212632241135e+27
3.3999999999999996e-06 4.051441635323606e+27
3.5e-06 3.9132392562753407e+27
3.6e-06 3.7779383495121455e+27
3.6999999999999997e-06 3.64555911271228e+27
3.8e-06 3.516117766842067e+27
3.9e-06 3.389626613776737e+27
4e-06 3.266094102137007e+27
4.1e-06 3.145524900957121e+27
4.2e-06 3.0279199807803923e+27
4.2999999999999995e-06 2.9132767017607447e+27
4.4e-06 2.801588908333476e+27
4.5e-06 2.6928470300053326e+27
4.6e-06 2.587038187803121e+27
4.7e-06 2.4841463059114736e+27
4.8e-06 2.3841522280239354e+27
4.9e-06 2.2870338379272915e+27
4.9999999999999996e-06 2.1927661838369918e+27
5.0999999999999995e-06 2.101321606001487e+27
5.199999999999999e-06 2.0126698670953726e+27
5.3e-06 1.9267782849252026e+27
5.4e-06 1.8436118669777748e+27
5.5e-06 1.7631334463483676e+27
5.6e-06 1.685303818595834e+27
5.7e-06 1.610081879082513e+27
5.7999999999999995e-06 1.5374247603694356e+27
5.899999999999999e-06 1.4672879692512823e+27
6e-06 1.3996255230307583e+27
6.1e-06 1.3343900846484852e+27
6.2e-06 1.2715330963019455e+27
6.3e-06 1.2110049112054341e+27
6.4e-06 1.1527549231621482e+27
6.5e-06 1.0967316936394594e+27
6.5999999999999995e-06 1.042883076058865e+27
6.699999999999999e-06 9.911563370330207e+26
6.799999999999999e-06 9.414982743035062e+26
6.9e-06 8.938553311544217e+26
7e-06 8.481737070984864e+26
7.1e-06 8.043994646538619e+26
7.2e-06 7.624786320513786e+26
7.2999999999999996e-06 7.223573017330947e+26
7.3999999999999995e-06 6.839817245240662e+26
7.499999999999999e-06 6.472983993797684e+26
7.6e-06 6.12254158631713e+26
7.699999999999999e-06 5.787962486733458e+26
7.8e-06 5.468724060472581e+26
7.899999999999999e-06 5.164309289129952e+26
8e-06 4.874207438922732e+26
8.1e-06 4.597914683051528e+26
8.2e-06 4.334934678266264e+26
8.3e-06 4.0847790960811294e+26
8.4e-06 3.846968109225041e+26
8.5e-06 3.6210308340461464e+26
8.599999999999999e-06 3.406505729711763e+26
8.7e-06 3.20294095515829e+26
8.8e-06 3.0098946848493103e+26
8.9e-06 2.8269353844940186e+26
9e-06 2.6536420479625448e+26
9.1e-06 2.4896043967096112e+26
9.2e-06 2.334423043083476e+26
9.299999999999999e-06 2.1877096189534478e+26
9.4e-06 2.0490868711366203e+26
9.499999999999999e-06 1.9181887251430822e+26
9.6e-06 1.794660318789095e+26
9.7e-06 1.6781580072497832e+26
9.8e-06 1.568349341137226e+26
9.9e-06 1.464913019196731e+26
9.999999999999999e-06 1.3675388172139504e+26
1.01e-05 1.2759274947187872e+26
1.0199999999999999e-05 1.1897906810590637e+26
1.03e-05 1.1088507423982164e+26
1.0399999999999999e-05 1.0328406311671803e+26
1.05e-05 9.61503719471607e+25
1.06e-05 8.94593617922061e+25
1.07e-05 8.318739813172536e+25
1.08e-05 7.731183025691724e+25
1.0899999999999999e-05 7.181096962145347e+25
1.1e-05 6.666406728097551e+25
1.1099999999999999e-05 6.185129054569804e+25
1.12e-05 5.73536989657081e+25
1.13e-05 5.315321976321841e+25
1.14e-05 4.923262282057373e+25
1.15e-05 4.557549532725576e+25
1.1599999999999999e-05 4.216621618351569e+25
1.17e-05 3.898993025261693e+25
1.1799999999999999e-05 3.6032522548020614e+25
1.19e-05 3.328059243622132e+25
1.2e-05 3.0721427930364554e+25
1.21e-05 2.8342980144274e+25
1.22e-05 2.6133837971106303e+25
1.2299999999999999e-05 2.4083203045553175e+25
1.24e-05 2.2180865043342577e+25
1.2499999999999999e-05 2.041717736676706e+25
1.26e-05 1.8783033260101934e+25
1.2699999999999999e-05 1.7269842394080652e+25
1.28e-05 1.5869507954078496e+25
1.29e-05 1.4574404262327853e+25
1.3e-05 1.3377354960354462e+25
1.31e-05 1.2271611773889731e+25
1.3199999999999999e-05 1.1250833878783234e+25
1.33e-05 1.0309067882913658e+25
1.3399999999999999e-05 9.440728435777159e+24
1.35e-05 8.640579474319186e+24
1.3599999999999999e-05 7.903716110667725e+24
1.37e-05 7.22554716472098e+24
1.38e-05 6.601778342037041e+24
1.3899999999999999e-05 6.028396055163599e+24
1.4e-05 5.501651884427365e+24
1.4099999999999999e-05 5.018047672270295e+24
1.42e-05 4.5743212434672506e+24
1.4299999999999999e-05 4.167432741980858e+24
1.44e-05 3.7945515737974365e+24
1.45e-05 3.4530439438358713e+24
1.4599999999999999e-05 3.140460973921843e+24
1.47e-05 2.854527387865397e+24
1.4799999999999999e-05 2.593130748862774e+24
1.49e-05 2.3543112337560026e+24
1.4999999999999999e-05 2.1362519281181338e+24
1.51e-05 1.9372696256805654e+24
1.52e-05 1.755806115273776e+24
1.53e-05 1.5904199382065737e+24
1.5399999999999998e-05 1.4397785988540832e+24
1.55e-05 1.3026512111539054e+24
1.56e-05 1.1779015637161307e+24
1.57e-05 1.0644815863292767e+24
1.5799999999999998e-05 9.614252007841377e+23
1.59e-05 8.678425391346532e+23
1.6e-05 7.829145127630732e+23
1.61e-05 7.0588771591019e+23
1.62e-05 6.360696476646434e+23
1.63e-05 5.728242367731243e+23
1.64e-05 5.155676540307409e+23
1.6499999999999998e-05 4.637643974333017e+23
1.66e-05 4.1692363571645984e+23
1.67e-05 3.745957963665599e+23
1.68e-05 3.3636938466089925e+23
1.69e-05 3.0186802077751802e+23
1.7e-05 2.707476825034127e+23
1.71e-05 2.426941415623375e+23
1.7199999999999998e-05 2.1742058207648087e+23
1.73e-05 1.9466539016791684e+23
1.74e-05 1.7419010419368243e+23
1.75e-05 1.557775155907297e+23
1.76e-05 1.3922991078214447e+23
1.77e-05 1.243674450624366e+23
1.78e-05 1.1102663983609664e+23
1.7899999999999998e-05 9.905899502887629e+22
1.8e-05 8.832970892444318e+22
1.81e-05 7.871649809941352e+22
1.82e-05 7.010851053663744e+22
1.8299999999999998e-05 6.240532538951241e+22
1.84e-05 5.551603324865255e+22
1.85e-05 4.935839112618825e+22
1.8599999999999998e-05 4.38580467221556e+22
1.87e-05 3.894782687179502e+22
1.88e-05 3.456708539213461e+22
1.89e-05 3.066110585108213e+22
1.8999999999999998e-05 2.71805550725518e+22
1.91e-05 2.408098346712927e+22
1.92e-05 2.1322368539700725e+22
1.9299999999999998e-05 1.8868698173655424e+22
1.94e-05 1.6687590526067268e+22
1.95e-05 1.474994759005239e+22
1.96e-05 1.3029639689695874e+22
1.9699999999999998e-05 1.1503218369969613e+22
1.98e-05 1.0149655329369622e+22
1.99e-05 8.950105217040379e+21
1.9999999999999998e-05 7.887690279389081e+21
2.01e-05 6.947304994090967e+21
2.02e-05 6.115438972415508e+21
2.03e-05 5.380016544428372e+21
2.0399999999999998e-05 4.730251566306362e+21
2.05e-05 4.1565161051968976e+21
2.06e-05 3.6502217652059557e+21
2.07e-05 3.203712518644866e+21
2.0799999999999997e-05 2.810168000031563e+21
2.09e-05 2.463516306938017e+21
2.1e-05 2.1583554320013362e+21
2.1099999999999998e-05 1.8898825246560234e+21
2.12e-05 1.6538302497691968e+21
2.13e-05 1.4464095737239694e+21
2.14e-05 1.2642583669384838e+21
2.1499999999999997e-05 1.1043952656534266e+21
2.16e-05 9.641782853781076e+20
2.17e-05 8.412677239479292e+20
2.1799999999999998e-05 7.335929339926762e+20
2.19e-05 6.393225830090683e+20
2.2e-05 5.5683805442138774e+20
2.21e-05 4.847096752354875e+20
2.2199999999999998e-05 4.216754853650851e+20
2.23e-05 3.6662229064256533e+20
2.24e-05 3.185687661143419e+20
2.2499999999999998e-05 2.7665039864555713e+20
2.26e-05 2.4010607829107494e+20
2.27e-05 2.0826616648856794e+20
2.28e-05 1.8054188604341787e+20
2.2899999999999998e-05 1.564158932422802e+20
2.3e-05 1.3543390638088693e+20
2.31e-05 1.1719727764112959e+20
2.3199999999999998e-05 1.0135640671311007e+20
2.33e-05 8.760490493187467e+19
2.34e-05 7.567442808043261e+19
2.35e-05 6.533010448761126e+19
2.3599999999999998e-05 5.636649270171515e+19
2.37e-05 4.860400992286136e+19
2.38e-05 4.188577859633536e+19
2.3899999999999998e-05 3.6074844168877072e+19
2.4e-05 3.1051722046822613e+19
2.41e-05 2.6712236322054746e+19
2.42e-05 2.2965616896852533e+19
2.4299999999999998e-05 1.973282528595104e+19
2.44e-05 1.6945082643576125e+19
2.45e-05 1.4542576491527074e+19
2.4599999999999998e-05 1.2473325244905855e+19
2.4699999999999997e-05 1.0692181975198536e+19
2.48e-05 9.159960943703728e+18
2.49e-05 7.842672306840886e+18
2.4999999999999998e-05 6.71085206139441e+18
2.51e-05 5.738975782862213e+18
2.52e-05 4.904946032430664e+18
2.53e-05 4.189644484557906e+18
2.5399999999999997e-05 3.576540872950461e+18
2.55e-05 3.0513517816140145e+18
2.56e-05 2.6017431320442967e+18
2.5699999999999998e-05 2.2170709486626752e+18
2.58e-05 1.8881556323387507e+18
2.59e-05 1.60708554530847e+18
2.6e-05 1.3670462180994212e+18
2.6099999999999997e-05 1.162171937489524e+18
2.62e-05 9.874168705710209e+17
2.63e-05 8.38443229506579e+17
2.6399999999999998e-05 7.115242897708859e+17
2.65e-05 6.034603462369805e+17
2.66e-05 5.1150593055933894e+17
2.67e-05 4.333068236433892e+17
2.6799999999999998e-05 3.668455818872043e+17
2.69e-05 3.1039445828625626e+17
2.7e-05 2.6247474203119846e+17
2.7099999999999998e-05 2.218216652348271e+17
2.7199999999999997e-05 1.8735413496954106e+17
2.73e-05 1.5814864471903568e+17
2.74e-05 1.334168032771711e+17
2.7499999999999998e-05 1.1248599250617485e+17
2.76e-05 9.478272947267757e+16
2.77e-05 7.981836444264266e+16
2.7799999999999998e-05 6.7176795032441384e+16
2.7899999999999997e-05 5.650391936342194e+16
2.8e-05 4.749858812759173e+16
2.81e-05 3.990484772640777e+16
2.8199999999999998e-05 3.350529469523471e+16
2.83e-05 2.8115386002354124e+16
2.84e-05 2.357857097889317e+16
2.8499999999999998e-05 1.9762129003345348e+16
2.8599999999999997e-05 1.6553612990019822e+16
2.87e-05 1.3857812529076746e+16
2.88e-05 1.1594162472075212e+16
2.8899999999999998e-05 9694533092100590.0
2.9e-05 8101346882221203.0
2.91e-05 6765974774318320.0
2.9199999999999998e-05 5647371222930392.0
2.9299999999999997e-05 4710913345821867.0
2.94e-05 3927414266698117.0
2.95e-05 3272285072234875.5
2.9599999999999998e-05 2724823467954078.5
2.97e-05 2267610375954221.5
2.98e-05 1885998432025335.5
2.99e-05 1567678670953451.8
2.9999999999999997e-05 1302313689503584.2
3.01e-05 1081227292300874.2
3.02e-05 897142096128857.9
3.0299999999999998e-05 743957827231386.4
3.04e-05 616564123610968.4
3.05e-05 510682575609032.75
3.06e-05 422733525287961.06
3.07e-05 349723817335762.0
3.0799999999999996e-05 289152267780497.9
3.09e-05 238930105856605.47
3.1e-05 197314061063978.25
3.11e-05 162850122255547.5
3.12e-05 134326297461735.78
3.13e-05 110732959822316.44
3.14e-05 91229583064311.83
3.15e-05 75116855110864.64
3.1599999999999996e-05 61813315489691.445
3.17e-05 50835795390211.59
3.18e-05 41783052053516.18
3.1899999999999996e-05 34322084709840.074
3.2e-05 28176700101173.184
3.21e-05 23117963958449.465
3.22e-05 18956232533423.88
3.23e-05 15534507025452.037
3.24e-05 12722894864305.848
3.25e-05 10413996478739.871
3.26e-05 8519065388847.963
3.2699999999999995e-05 6964814051178.109
3.28e-05 5690758574658.986
3.29e-05 4647012819658.907
3.2999999999999996e-05 3792457006522.15
3.31e-05 3093218229593.7734
3.32e-05 2521410567006.661
3.3299999999999996e-05 2054091107436.8862
3.34e-05 1672395446401.827
3.35e-05 1360822259254.2458
3.36e-05 1106641623829.7383
3.37e-05 899406001298.1014
3.38e-05 730546322779.115
3.39e-05 593038584241.6693
3.4e-05 481128817809.3578
3.4099999999999995e-05 390106363477.02325
3.42e-05 316117078315.4311
3.43e-05 256009546692.34927
3.4399999999999996e-05 207208542013.60925
3.45e-05 167610977517.986
3.46e-05 135500403866.92645
3.4699999999999996e-05 109476792386.49908
3.48e-05 88398908047.31766
3.49e-05 71337045008.01215
3.5e-05 57534286006.89664
3.51e-05 46374768596.45607
3.52e-05 37357707465.44532
3.53e-05 30076142295.607876
3.54e-05 24199562595.3168
3.5499999999999996e-05 19459711268.585953
3.56e-05 15638992745.492002
3.57e-05 12561013833.736898
3.5799999999999996e-05 10082869801.397123
3.59e-05 8088857681.399995
3.6e-05 6485355981.867921
3.6099999999999997e-05 5196657034.410782
3.62e-05 4161576888.545951
3.63e-05 3330699433.107943
3.64e-05 2664137509.5290375
3.65e-05 2129715181.430841
3.6599999999999995e-05 1701492869.630317
3.67e-05 1358571436.2533777
3.68e-05 1084123071.102438
3.6899999999999996e-05 864606463.4579557
3.7e-05 689131616.762852
3.71e-05 548946097.976262
3.7199999999999996e-05 437019767.61026955
3.73e-05 347709324.1742287
3.74e-05 276487493.41635096
3.75e-05 219724542.42298895
3.76e-05 174512119.48932663
3.77e-05 138521309.5938713
3.78e-05 109888331.66439995
3.79e-05 87122552.59477662
3.7999999999999995e-05 69032507.32186377
3.81e-05 54666437.66236272
3.82e-05 43264530.549915455
3.8299999999999996e-05 34220577.79422068
3.84e-05 27051218.159521334
3.85e-05 21371277.714680236
3.8599999999999996e-05 16874011.754018873
3.87e-05 13315283.920735998
3.88e-05 10500905.892631968
3.89e-05 8276512.577108015
3.9e-05 6519470.086465745
3.9099999999999995e-05 5132412.409900607
3.92e-05 4038082.1967915082
3.93e-05 3175215.0915390817
3.9399999999999995e-05 2495258.591003569
3.95e-05 1959757.8428854356
3.96e-05 1538274.1185641184
3.9699999999999996e-05 1206728.4550605596
3.98e-05 946084.4432728543
3.99e-05 741301.3734484345
3.9999999999999996e-05 580502.7652818373
4.01e-05 454316.37951637874
4.02e-05 355350.67085624795
4.03e-05 277779.7336053824
4.04e-05 217014.46206991692
4.0499999999999995e-05 169442.17918447586
4.06e-05 132220.60556133624
4.07e-05 103114.92917025479
4.0799999999999996e-05 80369.03919996582
4.09e-05 62603.82350516522
4.1e-05 48736.89134216895
4.1099999999999996e-05 37919.24709954063
4.12e-05 29485.366688586597
4.13e-05 22913.864378866016
4.14e-05 17796.522688816756
4.15e-05 13813.922267735765
4.1599999999999995e-05 10716.277123191212
4.17e-05 8308.372679599031
4.18e-05 6437.7356463477945
4.1899999999999995e-05 4985.34799670073
4.2e-05 3858.3624418360782
4.21e-05 2984.391530605358
4.2199999999999996e-05 2307.0332001263178
4.23e-05 1782.3672406366957
4.24e-05 1376.2136878441845
4.2499999999999996e-05 1061.9887666772122
4.26e-05 819.0291800095532
4.27e-05 631.2832448715224
4.28e-05 486.2891955988157
4.29e-05 374.37814020051724
4.2999999999999995e-05 288.0526554581481
4.31e-05 221.5026146858444
4.32e-05 170.22817342726995
4.3299999999999995e-05 130.74637723486867
4.34e-05 100.36298444985275
4.35e-05 76.99511710047351
4.3599999999999996e-05 59.03350227192655
4.37e-05 45.23553169588855
4.38e-05 34.64229612690166
4.3899999999999996e-05 26.514259139542546
4.4e-05 20.281413328656814
4.41e-05 15.50468202896116
4.42e-05 11.846047717336273
4.43e-05 9.04544824979047
4.4399999999999995e-05 6.902918530825661
4.45e-05 5.264795155976061
4.46e-05 4.013066178757255
4.4699999999999996e-05 3.0571539948003985
4.48e-05 2.3275793596385173
4.49e-05 1.7710788823286194
4.4999999999999996e-05 1.3468448672952449
4.51e-05 1.023631278391547
4.52e-05 0.7775276816252088
4.5299999999999997e-05 0.5902480346218028
4.54e-05 0.44781605115427514
4.5499999999999995e-05 0.3395558503569941
4.56e-05 0.25731747018447565
4.57e-05 0.19488295734655472
4.5799999999999995e-05 0.14751120882058957
4.59e-05 0.11158936184641204
4.6e-05 0.08436595303736667
4.6099999999999996e-05 0.06374679143785429
4.62e-05 0.04813890133012808
4.63e-05 0.03633128748269353
4.6399999999999996e-05 0.027403889836181698
4.65e-05 0.020658105373088348
4.66e-05 0.015563800485755569
4.67e-05 0.011718924417167298
4.68e-05 0.008818745796726335
4.6899999999999995e-05 0.006632433564366119
4.7e-05 0.004985239728220068
4.71e-05 0.0037449522275315433
4.7199999999999995e-05 0.002811600771612993
4.73e-05 0.002109639286177527
4.74e-05 0.0015820127356747972
4.7499999999999996e-05 0.00118565683339883
4.76e-05 0.0008880866593587553
4.77e-05 0.0006648122760676707
4.7799999999999996e-05 0.0004973820444952532
4.79e-05 0.0003719020800220287
4.8e-05 0.0002779166623411446
4.81e-05 0.00020756211160025728
4.82e-05 0.00015492772183934724
4.8299999999999995e-05 0.0001155733739903957
4.84e-05 8.61656354798666e-05
4.85e-05 6.420340895335236e-05
4.8599999999999995e-05 4.781121867985891e-05
4.87e-05 3.5583553503904956e-05
4.88e-05 2.6467726550563357e-05
4.8899999999999996e-05 1.967577405108124e-05
4.9e-05 1.461823445069526e-05
4.91e-05 1.0854403757606211e-05
4.9199999999999997e-05 8.054990250508315e-06
4.93e-05 5.9740947746704046e-06
4.9399999999999995e-05 4.428200574971302e-06
4.95e-05 3.2804286160171228e-06
4.96e-05 2.4287458767402925e-06
4.9699999999999995e-05 1.7971394719097674e-06
4.98e-05 1.3290146161022479e-06
4.99e-05 9.82259062488717e-07
4.9999999999999996e-05 7.255555862198804e-07
5.01e-05 5.356285781163291e-07
5.02e-05 3.951893581133622e-07
5.0299999999999996e-05 2.9140381847165437e-07
5.04e-05 2.1475029956024682e-07
5.05e-05 1.5816883195267631e-07
5.06e-05 1.164277949399603e-07
5.07e-05 8.565271221636928e-08
5.0799999999999995e-05 6.297588742608576e-08
5.09e-05 4.6276046503060436e-08
5.1e-05 3.3984980489386834e-08
5.1099999999999995e-05 2.494403295835334e-08
5.12e-05 1.8297646645615943e-08
5.13e-05 1.341444678295043e-08
5.1399999999999996e-05 9.828773129194887e-09
5.15e-05 7.197388002546416e-09
5.16e-05 5.2674403926651065e-09
5.1699999999999996e-05 3.852773705068301e-09
5.18e-05 2.8164145436926105e-09
5.1899999999999994e-05 2.0576377046825975e-09
5.2e-05 1.50241718736203e-09
5.21e-05 1.0963810695877775e-09
5.2199999999999995e-05 7.996168063985939e-10
5.23e-05 5.828432189332898e-10
5.24e-05 4.245912900035589e-10
5.2499999999999995e-05 3.091291511332171e-10
5.26e-05 2.2493572597817487e-10
5.27e-05 1.6357862862923924e-10
5.2799999999999996e-05 1.1888974166718128e-10
5.29e-05 8.635986405627785e-11
5.3e-05 6.269448118522412e-11
5.3099999999999996e-05 4.5487966439473994e-11
5.32e-05 3.298478272075524e-11
5.3299999999999995e-05 2.3904555929348225e-11
5.34e-05 1.731401265134861e-11
5.35e-05 1.2533282506111376e-11
5.3599999999999995e-05 9.067384380025057e-12
5.37e-05 6.55615743831859e-12
5.38e-05 4.737693082579342e-12
5.3899999999999996e-05 3.4216432273484718e-12
5.4e-05 2.469749060323028e-12
5.41e-05 1.7816454747365807e-12
5.4199999999999996e-05 1.2845178872982231e-12
5.43e-05 9.255704533385734e-13
5.4399999999999994e-05 6.665447607323711e-13
5.4499999999999997e-05 4.797331378102167e-13
5.46e-05 3.4508074993343767e-13
5.4699999999999995e-05 2.4808037809142704e-13
5.48e-05 1.782439578356393e-13
5.49e-05 1.2799352244887758e-13
5.4999999999999995e-05 9.185694359466661e-14
5.51e-05 6.588504828241928e-14
5.52e-05 4.722942709022462e-14
5.5299999999999996e-05 3.383681452043121e-14
5.54e-05 2.4227985313727102e-14
5.55e-05 1.7337889225048117e-14
5.5599999999999996e-05 1.2400131496699027e-14
5.57e-05 8.86354708032213e-15
5.5799999999999994e-05 6.3319878576146915e-15
5.59e-05 4.520889552457223e-15
5.6e-05 3.2259607664720495e-15
5.6099999999999995e-05 2.3006241802893198e-15
5.62e-05 1.6397730629636943e-15
5.63e-05 1.1680820205501562e-15
5.6399999999999995e-05 8.316000537956424e-16
5.65e-05 5.917078232207686e-16
5.66e-05 4.2077681481566065e-16
5.6699999999999996e-05 2.9905291170773286e-16
5.68e-05 2.1242032398097485e-16
5.69e-05 1.507981286133271e-16
5.6999999999999996e-05 1.0699112303503742e-16
5.71e-05 7.586675432180465e-17
5.7199999999999994e-05 5.3765945032906026e-17
5.73e-05 3.8081595771699954e-17
5.74e-05 2.6957221427642638e-17
5.7499999999999995e-05 1.9071607551240267e-17
5.76e-05 1.3485023925400006e-17
5.77e-05 9.529463306617373e-18
5.7799999999999995e-05 6.7303479979813604e-18
5.79e-05 4.750715384493729e-18
5.8e-05 3.351451783487078e-18
5.8099999999999996e-05 2.3629768479452788e-18
5.82e-05 1.665093180402606e-18
5.8299999999999994e-05 1.1726550000075047e-18
5.8399999999999997e-05 8.253813974431824e-19
5.85e-05 5.806198108561654e-19
5.8599999999999995e-05 4.082083064174297e-19
5.87e-05 2.8683008221148405e-19
5.88e-05 2.014282997350048e-19
5.8899999999999995e-05 1.4137390821545574e-19
5.9e-05 9.916789324101988e-20
5.91e-05 6.952260137323711e-20
5.9199999999999996e-05 4.8711791640197766e-20
5.93e-05 3.411107557522728e-20
5.94e-05 2.387316519520422e-20
5.9499999999999996e-05 1.669851807652862e-20
5.96e-05 1.1673450763267299e-20
5.9699999999999994e-05 8.155940272550135e-21
5.98e-05 5.695112830438443e-21
5.99e-05 3.974515572985696e-21
5.9999999999999995e-05 2.772169027836228e-21
6.01e-05 1.932452841079232e-21
6.02e-05 1.3463310270953266e-21
6.0299999999999995e-05 9.374510876829381e-22
6.04e-05 6.523779182798779e-22
6.05e-05 4.537366083518119e-22
6.0599999999999996e-05 3.1540050245934945e-22
6.07e-05 2.1911645561194114e-22
6.08e-05 1.5213940761598577e-22
6.0899999999999996e-05 1.0557537225749976e-22
6.1e-05 7.322135414341702e-23
6.11e-05 5.075363903412929e-23
6.12e-05 3.516017054416786e-23
6.13e-05 2.4343845128984547e-23
6.14e-05 1.6845420571625552e-23
6.149999999999999e-05 1.1650084615269811e-23
6.159999999999999e-05 8.052503125715933e-24
6.17e-05 5.562722391798637e-24
6.18e-05 3.840595741609445e-24
6.19e-05 2.650114211493491e-24
6.2e-05 1.827618030234339e-24
6.209999999999999e-05 1.2596827628504273e-24
6.22e-05 8.6774458333704e-25
6.23e-05 5.974171290076521e-25
6.24e-05 4.1107259650112597e-25
6.25e-05 2.82692665746074e-25
6.26e-05 1.9429685819139481e-25
6.269999999999999e-05 1.334665085471413e-25
6.28e-05 9.162925777246156e-26
6.29e-05 6.287115637448815e-26
6.3e-05 4.311458415858451e-26
6.31e-05 2.9549660259173224e-26
6.319999999999999e-05 2.0241205905119978e-26
6.33e-05 1.3857214431314814e-26
6.34e-05 9.481372725983398e-27
6.35e-05 6.483690762383764e-27
6.36e-05 4.4312802967387126e-27
6.37e-05 3.026858156588529e-27
6.379999999999999e-05 2.0663833837110534e-27
6.39e-05 1.4098917839027958e-27
6.4e-05 9.614280096832309e-28
6.41e-05 6.552453349768141e-28
6.42e-05 4.463210251721341e-28
6.429999999999999e-05 3.0384147805741598e-28
6.44e-05 2.0672982873117375e-28
6.45e-05 1.4057745132835903e-28
6.46e-05 9.553987890959961e-29
6.47e-05 6.489485609737881e-29
6.48e-05 4.4054724765751314e-29
6.489999999999999e-05 2.989037803117947e-29
6.5e-05 2.0268755577110328e-29
6.51e-05 1.3736610734064946e-29
6.52e-05 9.304413255689496e-30
6.53e-05 6.298764210285265e-30
6.539999999999999e-05 4.26165939830389e-30
6.549999999999999e-05 2.8817693297538042e-30
6.56e-05 1.9475869299565315e-30
6.57e-05 1.3155026060563605e-30
6.58e-05 8.880631830820074e-31
6.59e-05 5.991745752547423e-31
6.599999999999999e-05 4.0403623237295915e-31
6.61e-05 2.7229818120813282e-31
6.62e-05 1.8341156950332432e-31
6.63e-05 1.23471390777632e-31
6.64e-05 8.307371765999255e-32
6.65e-05 5.58622871601657e-32
6.659999999999999e-05 3.754322774846828e-32
6.67e-05 2.521752144812704e-32
6.68e-05 1.692899408862479e-32
6.69e-05 1.13584204109548e-32
6.7e-05 7.616629396950125e-33
6.709999999999999e-05 5.104648911718783e-33
6.72e-05 3.419220952436359e-33
6.73e-05 2.2890050922773315e-33
6.74e-05 1.5315272345523279e-33
6.75e-05 1.0241442487191427e-33
6.76e-05 6.8447256691038385e-34
6.769999999999999e-05 4.572034948249388e-34
6.78e-05 3.0522611139172644e-34
6.79e-05 2.036538115397553e-34
6.8e-05 1.3580700988073831e-34
6.81e-05 9.051294317277878e-35
6.819999999999999e-05 6.029178071464205e-35
6.829999999999999e-05 4.013881333420589e-35
6.84e-05 2.6707301565449304e-35
6.85e-05 1.7760476974408223e-35
6.86e-05 1.1804251197248399e-35
6.87e-05 7.84118198996589e-36
6.879999999999999e-05 5.2057579116707904e-36
6.89e-05 3.454186761068981e-36
6.9e-05 2.290694359788413e-36
6.91e-05 1.5182665777140356e-36
6.92e-05 1.005746527598731e-36
6.929999999999999e-05 6.658689244034243e-37
6.939999999999999e-05 4.4060428721784925e-37
6.95e-05 2.9138589630307983e-37
6.96e-05 1.9259643487959176e-37
6.97e-05 1.2722953485211042e-37
6.98e-05 8.400162461348757e-38
6.989999999999999e-05 5.54303413880305e-38
7e-05 3.6556753003104635e-38
7.01e-05 2.409616566051353e-38
7.02e-05 1.5874081388238965e-38
7.03e-05 1.045176588878736e-38
7.04e-05 6.8778266280644e-39
7.049999999999999e-05 4.523486800115689e-39
7.06e-05 2.9734186076133024e-39
7.07e-05 1.9534373136044474e-39
7.08e-05 1.2826367302071754e-39
7.09e-05 8.417220558489788e-40
7.099999999999999e-05 5.520706462731023e-40
7.11e-05 3.6189417434555005e-40
7.12e-05 2.3709892643739345e-40
7.13e-05 1.5525254053833396e-40
7.14e-05 1.0160358909780836e-40
7.15e-05 6.645698923105071e-41
7.159999999999999e-05 4.344438231295662e-41
7.17e-05 2.8384942389607413e-41
7.18e-05 1.8535482955614525e-41
7.19e-05 1.209710271628482e-41
7.2e-05 7.890789835388208e-42
7.209999999999999e-05 5.1442409811781464e-42
7.219999999999999e-05 3.3518450007296474e-42
7.23e-05 2.1827722206352572e-42
7.24e-05 1.4206753694052705e-42
7.25e-05 9.241517722547852e-43
7.26e-05 6.008330880201289e-43
7.269999999999999e-05 3.904150470380979e-43
7.28e-05 2.535487616725126e-43
7.29e-05 1.6457306402845483e-43
7.3e-05 1.0676241908514018e-43
7.31e-05 6.922142271247329e-44
7.319999999999999e-05 4.48564785325389e-44
7.329999999999999e-05 2.9051759889658803e-44
7.34e-05 1.8805392663544563e-44
7.35e-05 1.2166205042244428e-44
7.36e-05 7.866665755629776e-45
7.37e-05 5.083808476676964e-45
7.379999999999999e-05 3.28360309365067e-45
7.39e-05 2.119703903013342e-45
7.4e-05 1.3676119495463377e-45
7.41e-05 8.818887331201969e-46
7.42e-05 5.683658788359601e-46
7.429999999999999e-05 3.661049270345285e-46
7.439999999999999e-05 2.356929533670238e-46
7.45e-05 1.5165304974003158e-46
7.46e-05 9.752575030669755e-47
7.47e-05 6.268319585451922e-47
7.48e-05 4.0266762776165813e-47
7.489999999999999e-05 2.585271353575141e-47
7.5e-05 1.6589353477114852e-47
7.51e-05 1.0639391114340568e-47
7.52e-05 6.819745236061985e-48
7.53e-05 4.369016338197104e-48
7.54e-05 2.797456903872018e-48
7.549999999999999e-05 1.7902242534115532e-48
7.56e-05 1.1450273010958991e-48
7.57e-05 7.319622748659666e-49
7.58e-05 4.676555402553761e-49
7.59e-05 2.9862631577476318e-49
7.599999999999999e-05 1.905876494968109e-49
7.609999999999999e-05 1.2156993791564385e-49
7.62e-05 7.750370737716075e-50
7.63e-05 4.938370616001574e-50
7.64e-05 3.144922015512326e-50
7.65e-05 2.001709999313105e-50
7.659999999999999e-05 1.2733787328845808e-50
7.67e-05 8.096163321550803e-51
7.68e-05 5.144773293009355e-51
7.69e-05 3.2675227214138983e-51
7.7e-05 2.0741323343605415e-51
7.709999999999999e-05 1.31589082373464e-51
7.719999999999999e-05 8.343896052584761e-52
7.73e-05 5.287904720561205e-52
7.74e-05 3.349377870501635e-52
7.75e-05 2.1203645789814484e-52
7.76e-05 1.3415994860318789e-52
7.769999999999999e-05 8.484011609240296e-53
7.78e-05 5.362233645336641e-53
7.79e-05 3.387321360808643e-53
7.8e-05 2.138618586295553e-53
7.81e-05 1.3495115990078814e-53
7.819999999999999e-05 8.511112588154213e-54
7.829999999999999e-05 5.364911461050862e-54
7.84e-05 3.3799118415303743e-54
7.85e-05 2.1282118505637913e-54
7.86e-05 1.3393407826156968e-54
7.87e-05 8.424306546438345e-55
7.879999999999999e-05 5.295953261577422e-55
7.89e-05 3.3275234145698616e-55
7.9e-05 2.0896096840417468e-55
7.91e-05 1.3115244201162806e-55
7.92e-05 8.227252548879179e-56
7.93e-05 5.158228731847318e-56
7.939999999999999e-05 3.232315649634564e-56
7.95e-05 2.024391087938406e-56
7.96e-05 1.2671926154978264e-56
7.97e-05 7.927906086491759e-57
7.98e-05 4.9572644695006885e-57
7.989999999999999e-05 3.098086163472113e-57
7.999999999999999e-05 1.935141773981403e-57
8.01e-05 1.2080921420915015e-57
8.02e-05 7.537987076534555e-58
8.03e-05 4.7008766736732774e-58
8.04e-05 2.9300197628862343e-58
8.049999999999999e-05 1.8252844208460462e-58
8.06e-05 1.1364725034755294e-58
8.07e-05 7.072220442344665e-59
8.08e-05 4.398668163776367e-59
8.09e-05 2.7343572016651686e-59
8.099999999999999e-05 1.6988616628134863e-59
8.109999999999999e-05 1.054944440464493e-59
8.12e-05 6.547417675087092e-60
8.13e-05 4.061434705555543e-60
8.14e-05 2.518012946578055e-60
8.15e-05 1.5602909141524306e-60
8.159999999999999e-05 9.663232340415632e-61
8.17e-05 5.981478819348214e-61
8.18e-05 3.7005315045501675e-61
8.19e-05 2.2881743658194187e-61
8.2e-05 1.4141115953036584e-61
8.209999999999999e-05 8.734697970530775e-62
8.219999999999999e-05 5.3923966178390145e-62
8.23e-05 3.327251068743509e-62
8.24e-05 2.051914279705077e-62
8.25e-05 1.2647446007483985e-62
8.26e-05 7.791418256669418e-63
8.269999999999999e-05 4.7973383791627696e-63
8.28e-05 2.9522587623223573e-63
8.29e-05 1.8158451367931212e-63
8.3e-05 1.1162811687576413e-63
8.31e-05 6.858653756196369e-64
8.319999999999999e-05 4.2118678295130585e-64
8.329999999999999e-05 2.5851232271754434e-64
8.34e-05 1.585836870171816e-64
8.35e-05 9.72314143305118e-65
8.36e-05 5.958344533785046e-65
8.37e-05 3.649350894010851e-65
8.379999999999999e-05 2.2339668487305025e-65
8.389999999999999e-05 1.3668126786999664e-65
8.4e-05 8.358195667356178e-66
8.41e-05 5.10842963509898e-66
8.42e-05 3.1205685724325094e-66
8.43e-05 1.9052482187084195e-66
8.439999999999999e-05 1.16262860443016e-66
8.45e-05 7.090912649793388e-67
8.46e-05 4.322500438125299e-67
8.47e-05 2.6335394105327493e-67
8.48e-05 1.603675705765097e-67
8.489999999999999e-05 9.760348335752858e-68
8.499999999999999e-05 5.937261958243975e-68
8.51e-05 3.609768223231834e-68
8.52e-05 2.193535788634625e-68
8.53e-05 1.3322401536697789e-68
8.54e-05 8.087099540737842e-69
8.549999999999999e-05 4.906543128343491e-69
8.56e-05 2.975302330791279e-69
8.57e-05 1.8032640383521197e-69
8.58e-05 1.0923463615403279e-69
8.59e-05 6.613545169618065e-70
8.599999999999999e-05 4.002038687299866e-70
8.609999999999999e-05 2.4204790610781696e-70
8.62e-05 1.463169212899786e-70
8.63e-05 8.840178694826892e-71
8.64e-05 5.338274313490479e-71
8.65e-05 3.221915686601134e-71
8.659999999999999e-05 1.9435735760814166e-71
8.669999999999999e-05 1.1718213847747165e-71
8.68e-05 7.061477176894623e-72
8.69e-05 4.253079455609951e-72
8.7e-05 2.560267347115477e-72
8.709999999999999e-05 1.5404269643458095e-72
8.719999999999999e-05 9.263411768970282e-73
8.73e-05 5.567689124485205e-73
8.74e-05 3.3446696371397525e-73
8.75e-05 2.0081946562961865e-73
8.76e-05 1.205126969878372e-73
8.769999999999999e-05 7.228269109365029e-74
8.779999999999999e-05 4.3332168014309855e-74
8.79e-05 2.59633789058595e-74
8.8e-05 1.5548438556550402e-74
8.81e-05 9.306517946545215e-75
8.82e-05 5.567530610187558e-75
8.829999999999999e-05 3.3289943229491337e-75
8.84e-05 1.9894756702014644e-75
8.85e-05 1.1883365011045644e-75
8.86e-05 7.094398163088673e-76
8.87e-05 4.233183435894723e-76
8.879999999999999e-05 2.524608934639928e-76
8.889999999999999e-05 1.5048621868946355e-76
8.9e-05 8.965510491492291e-77
8.91e-05 5.3386209413337344e-77
8.92e-05 3.1773057459113066e-77
8.93e-05 1.890013390995782e-77
8.939999999999999e-05 1.1236907238910982e-77
8.95e-05 6.67736079179415e-78
8.96e-05 3.9658758353018633e-78
8.97e-05 2.354234381841391e-78
8.98e-05 1.3968079190380241e-78
8.989999999999999e-05 8.28323868865653e-79
8.999999999999999e-05 4.909533773828967e-79
9.01e-05 2.90841923101115e-79
9.02e-05 1.722068943308621e-79
9.03e-05 1.019109674201856e-79
9.04e-05 6.027930946721201e-80
9.049999999999999e-05 3.56363043382264e-80
9.059999999999999e-05 2.1056888039575556e-80
9.07e-05 1.2435777607283922e-80
9.08e-05 7.340557209805207e-81
9.09e-05 4.3307441047223735e-81
9.099999999999999e-05 2.5537214498068225e-81
9.109999999999999e-05 1.505088801348623e-81
9.12e-05 8.866014053547467e-82
9.13e-05 5.22002387908396e-82
9.14e-05 3.07181063652309e-82
9.15e-05 1.8067345867322554e-82
9.159999999999999e-05 1.0621169461115094e-82
9.169999999999999e-05 6.2406305318176e-83
9.18e-05 3.664906097311994e-83
9.19e-05 2.1511741533086784e-83
9.2e-05 1.2620214113346604e-83
9.21e-05 7.400079760721053e-84
9.219999999999999e-05 4.336952813139014e-84
9.23e-05 2.5404561615697367e-84
9.24e-05 1.4873648653443013e-84
9.25e-05 8.703666267317847e-85
9.26e-05 5.090564374986965e-85
9.269999999999999e-05 2.975834148657694e-85
9.279999999999999e-05 1.738724170771458e-85
9.29e-05 1.0153877803712087e-85
9.3e-05 5.926694483333622e-86
9.31e-05 3.4575829525629634e-86
9.32e-05 2.0161007471435932e-86
9.329999999999999e-05 1.1749827780643453e-86
9.34e-05 6.844323271852106e-87
9.35e-05 3.984826008688776e-87
9.36e-05 2.3188259043646756e-87
9.37e-05 1.3486738857340734e-87
9.379999999999999e-05 7.84017709548641e-88
9.389999999999999e-05 4.5553841970699544e-88
9.4e-05 2.645479846072393e-88
9.41e-05 1.5355512174656056e-88
9.42e-05 8.908501421037645e-89
9.43e-05 5.165657324219015e-89
9.439999999999999e-05 2.993830574253771e-89
9.449999999999999e-05 1.7342417121792646e-89
9.46e-05 1.00409062729526e-89
9.47e-05 5.81054903685717e-90
9.48e-05 3.360798659829821e-90
9.489999999999999e-05 1.9428934420842467e-90
9.499999999999999e-05 1.1226302155436138e-90
9.51e-05 6.483444905667156e-91
9.52e-05 3.742453136124315e-91
9.53e-05 2.1591780699825073e-91
9.54e-05 1.2450941421963591e-91
9.549999999999999e-05 7.176251559540817e-92
9.559999999999999e-05 4.134042617038774e-92
9.57e-05 2.380313561891941e-92
9.58e-05 1.3698575731914454e-92
9.59e-05 7.879502132039546e-93
9.6e-05 4.530064169899892e-93
9.609999999999999e-05 2.6031083241720943e-93
9.62e-05 1.4950734678754273e-93
9.63e-05 8.582530007588929e-94
9.64e-05 4.924370553326744e-94
9.65e-05 2.824026814492593e-94
9.659999999999999e-05 1.6187124172512908e-94
9.669999999999999e-05 9.273709097482182e-95
9.68e-05 5.310314268676722e-95
9.69e-05 3.0392754376899595e-95
9.7e-05 1.738613609699447e-95
9.71e-05 9.940754865351521e-96
9.719999999999999e-05 5.680924606146583e-96
9.73e-05 3.2449062611528856e-96
9.74e-05 1.8525453609186278e-96
9.75e-05 1.0571076331676524e-96
9.76e-05 6.029111651443399e-97
9.769999999999999e-05 3.436934860715353e-97
9.779999999999999e-05 1.958272972426815e-97
9.79e-05 1.1152165612604784e-97
9.8e-05 6.347889223145958e-98
9.81e-05 3.611467530890767e-98
9.82e-05 2.053631105498749e-98
9.829999999999999e-05 1.1672008471852032e-98
9.839999999999999e-05 6.6306070766384814e-99
9.85e-05 3.764832216012432e-99
9.86e-05 2.1365973595202212e-99
9.87e-05 1.21194960038502e-99
9.879999999999999e-05 6.871179531688949e-100
9.889999999999999e-05 3.8937032584804265e-100
9.9e-05 2.2053568331869444e-100
9.91e-05 1.248469756506041e-100
9.92e-05 7.064085161851976e-101
9.93e-05 3.994831844138823e-101
9.939999999999999e-05 2.2576737618578087e-101
9.949999999999999e-05 1.2746857436619077e-101
9.96e-05 7.18255483898018e-102
9.97e-05 4.025993586057012e-102
9.98e-05 2.221306698350015e-102
9.989999999999999e-05 1.1636740884923804e-102
9.999999999999999e-05 4.979203281278653e-103
