1e-07 9.895164361100304e+27
2e-07 9.729967880645261e+27
3e-07 9.564936561707909e+27
4e-07 9.400171127203711e+27
5e-07 9.235771812429979e+27
6e-07 9.071838182090493e+27
7e-07 8.90846894938342e+27
8e-07 8.745761797716346e+27
9e-07 8.583813205608744e+27
1e-06 8.422718275336735e+27
1.1e-06 8.262570565866051e+27
1.2e-06 8.103461930604279e+27
1.2999999999999998e-06 7.945482360479273e+27
1.4e-06 7.788719832812934e+27
1.5e-06 7.633260166402997e+27
1.6e-06 7.47918688314511e+27
1.6999999999999998e-06 7.326581076419876e+27
1.8e-06 7.17552128633367e+27
1.9e-06 7.026083381743851e+27
2e-06 6.878340448832286e+27
2.1e-06 6.732362685841295e+27
2.2e-06 6.588217303492239e+27
2.3e-06 6.445968430620381e+27
2.4e-06 6.305677024741459e+27
2.4999999999999998e-06 6.167400787677531e+27
2.5999999999999997e-06 6.031194087063056e+27
2.7e-06 5.897107885548708e+27
2.8e-06 5.765189680794931e+27
2.8999999999999998e-06 5.63548346080908e+27
3e-06 5.508029680663171e+27
3.1e-06 5.382865267893038e+27
3.2e-06 5.260023664627848e+27
3.2999999999999997e-06 5.139534914416963e+27
3.3999999999999996e-06 5.021425800531488e+27
3.5e-06 4.9057200400451645e+27
3.6e-06 4.7924385342338926e+27
3.6999999999999997e-06 4.6815996709784243e+27
3.8e-06 4.5732196693416e+27
3.9e-06 4.467312950951291e+27
4e-06 4.363892518010409e+27
4.1e-06 4.262970314447143e+27
4.2e-06 4.164557545563018e+27
4.2999999999999995e-06 4.068664932935351e+27
4.4e-06 3.9753028853405916e+27
4.5e-06 3.883201932495863e+27
4.6e-06 3.7923670565515174e+27
4.7e-06 3.7028031550027446e+27
4.8e-06 3.6145150106359853e+27
4.9e-06 3.527507251717631e+27
4.9999999999999996e-06 3.4417843041492726e+27
5.0999999999999995e-06 3.357350337576559e+27
5.199999999999999e-06 3.2742092075908695e+27
5.3e-06 3.1923643962009493e+27
5.4e-06 3.111818952679703e+27
5.5e-06 3.0325754367213046e+27
5.6e-06 2.954635865593104e+27
5.7e-06 2.878001666657284e+27
5.7999999999999995e-06 2.8026736362924295e+27
5.899999999999999e-06 2.728651905889001e+27
6e-06 2.6559359152469506e+27
6.1e-06 2.584524393387294e+27
6.2e-06 2.514415346516553e+27
6.3e-06 2.445606052663315e+27
6.4e-06 2.3780930623442494e+27
6.5e-06 2.311872204512927e+27
6.5999999999999995e-06 2.2469385969949004e+27
6.699999999999999e-06 2.1832866606099713e+27
6.799999999999999e-06 2.1209101362187226e+27
6.9e-06 2.0598021039955532e+27
7e-06 1.9999550043149326e+27
7.1e-06 1.941360659732317e+27
7.2e-06 1.8840102976383366e+27
7.2999999999999996e-06 1.8278945732581832e+27
7.3999999999999995e-06 1.7730035927529857e+27
7.499999999999999e-06 1.719326936253364e+27
7.6e-06 1.6668536807158717e+27
7.699999999999999e-06 1.6155724225403582e+27
7.8e-06 1.5654712999211617e+27
7.899999999999999e-06 1.5165380149288272e+27
8e-06 1.468759855333476e+27
8.1e-06 1.422123716187977e+27
8.2e-06 1.3766161211905038e+27
8.3e-06 1.3322232438436802e+27
8.4e-06 1.2889309284227343e+27
8.5e-06 1.2467247107591276e+27
8.599999999999999e-06 1.2055898388398899e+27
8.7e-06 1.1655112932169752e+27
8.8e-06 1.1264738072158226e+27
8.9e-06 1.0884618869281186e+27
9e-06 1.0514598309706084e+27
9.1e-06 1.0154517499896616e+27
9.2e-06 9.804215858900642e+26
9.299999999999999e-06 9.463531307660399e+26
9.4e-06 9.132300455126739e+26
9.499999999999999e-06 8.810358780965583e+26
9.6e-06 8.497540814654802e+26
9.7e-06 8.193680310782199e+26
9.8e-06 7.898610420369131e+26
9.9e-06 7.612163858059065e+26
9.999999999999999e-06 7.334173065025277e+26
1.01e-05 7.0644703674667e+26
1.0199999999999999e-05 6.802888130575419e+26
1.03e-05 6.549258907873209e+26
1.0399999999999999e-05 6.303415585827864e+26
1.05e-05 6.0651915236728366e+26
1.06e-05 5.8344206883658106e+26
1.07e-05 5.610937784633492e+26
1.08e-05 5.394578380060931e+26
1.0899999999999999e-05 5.185179025194321e+26
1.1e-05 4.9825773686363796e+26
1.1099999999999999e-05 4.78661226712317e+26
1.12e-05 4.59712389058065e+26
1.13e-05 4.413953822168219e+26
1.14e-05 4.236945153325263e+26
1.15e-05 4.065942573845018e+26
1.1599999999999999e-05 3.900792457008122e+26
1.17e-05 3.7413429398158985e+26
1.1799999999999999e-05 3.587443998370759e+26
1.19e-05 3.438947518458157e+26
1.2e-05 3.2957073613911575e+26
1.21e-05 3.157579425185051e+26
1.22e-05 3.0244217011353717e+26
1.2299999999999999e-05 2.896094325878337e+26
1.24e-05 2.772459629017942e+26
1.2499999999999999e-05 2.653382176408882e+26
1.26e-05 2.538728809188985e+26
1.2699999999999999e-05 2.4283686786590315e+26
1.28e-05 2.322173277111664e+26
1.29e-05 2.2200164647145543e+26
1.3e-05 2.12177449255612e+26
1.31e-05 2.0273260219648657e+26
1.3199999999999999e-05 1.936552140215865e+26
1.33e-05 1.8493363727399988e+26
1.3399999999999999e-05 1.765564691953368e+26
1.35e-05 1.685125522825763e+26
1.3599999999999999e-05 1.6079097453082425e+26
1.37e-05 1.5338106937407354e+26
1.38e-05 1.462724153361176e+26
1.3899999999999999e-05 1.3945483540379814e+26
1.4e-05 1.3291839613477139e+26
1.4099999999999999e-05 1.2665340651195654e+26
1.42e-05 1.2065041655678367e+26
1.4299999999999999e-05 1.149002157132885e+26
1.44e-05 1.0939383101501048e+26
1.45e-05 1.0412252504653714e+26
1.4599999999999999e-05 9.907779371140607e+25
1.47e-05 9.425136381792331e+25
1.4799999999999999e-05 8.963519049428877e+25
1.49e-05 8.52214544442336e+25
1.4999999999999999e-05 8.100255905417356e+25
1.51e-05 7.697112736266771e+25
1.52e-05 7.311999890274345e+25
1.53e-05 6.944222642740978e+25
1.5399999999999998e-05 6.593107252842888e+25
1.55e-05 6.2580006158156805e+25
1.56e-05 5.938269906399403e+25
1.57e-05 5.633302214471039e+25
1.5799999999999998e-05 5.342504173762511e+25
1.59e-05 5.0653015845333654e+25
1.6e-05 4.801139031037934e+25
1.61e-05 4.549479494596965e+25
1.62e-05 4.309803963053678e+25
1.63e-05 4.081611037363934e+25
1.64e-05 3.8644165360397733e+25
1.6499999999999998e-05 3.6577530981351696e+25
1.66e-05 3.4611697854323994e+25
1.67e-05 3.274231684457112e+25
1.68e-05 3.0965195089200193e+25
1.69e-05 2.9276292031532e+25
1.7e-05 2.767171547079346e+25
1.71e-05 2.6147717632229958e+25
1.7199999999999998e-05 2.470069126243893e+25
1.73e-05 2.3327165754441175e+25
1.74e-05 2.202380330672705e+25
1.75e-05 2.078739512023991e+25
1.76e-05 1.961485763699079e+25
1.77e-05 1.8503228823735262e+25
1.78e-05 1.7449664503887518e+25
1.7899999999999998e-05 1.645143474059666e+25
1.8e-05 1.550592027366765e+25
1.81e-05 1.4610609012773525e+25
1.82e-05 1.3763092589177144e+25
1.8299999999999998e-05 1.2961062967959757e+25
1.84e-05 1.2202309122540254e+25
1.85e-05 1.1484713773063295e+25
1.8599999999999998e-05 1.0806250190036518e+25
1.87e-05 1.0164979064406868e+25
1.88e-05 9.559045445083747e+24
1.89e-05 8.986675744742268e+24
1.8999999999999998e-05 8.446174814573078e+24
1.91e-05 7.935923088486513e+24
1.92e-05 7.45437379712752e+24
1.9299999999999998e-05 7.00005025191446e+24
1.94e-05 6.571543199178831e+24
1.95e-05 6.167508244354651e+24
1.96e-05 5.786663346045025e+24
1.9699999999999998e-05 5.427786379679631e+24
1.98e-05 5.089712770370044e+24
1.99e-05 4.7713331944699253e+24
1.9999999999999998e-05 4.471591349254085e+24
2.01e-05 4.189481790043838e+24
2.02e-05 3.9240478340260454e+24
2.03e-05 3.674379529939371e+24
2.0399999999999998e-05 3.4396116927334507e+24
2.05e-05 3.218922002244732e+24
2.06e-05 3.011529164876399e+24
2.07e-05 2.816691137218921e+24
2.0799999999999997e-05 2.63370341050214e+24
2.09e-05 2.46189735472917e+24
2.1e-05 2.3006386213066139e+24
2.1099999999999998e-05 2.1493256029544295e+24
2.12e-05 2.0073879496519976e+24
2.13e-05 1.8742851393543979e+24
2.14e-05 1.7495051021943117e+24
2.1499999999999997e-05 1.6325628968702203e+24
2.16e-05 1.5229994379103572e+24
2.17e-05 1.4203802724941202e+24
2.1799999999999998e-05 1.324294405508031e+24
2.19e-05 1.2343531715117867e+24
2.2e-05 1.1501891522911798e+24
2.21e-05 1.0714551386785708e+24
2.2199999999999998e-05 9.978231353279435e+23
2.23e-05 9.28983407140242e+23
2.24e-05 8.646435660454498e+23
2.2499999999999998e-05 8.045276968606223e+23
2.26e-05 7.483755209576202e+23
2.27e-05 6.959415964904969e+23
2.28e-05 6.469945539501929e+23
2.2899999999999998e-05 6.0131636583326264e+23
2.3e-05 5.587016492316686e+23
2.31e-05 5.189570001720756e+23
2.3199999999999998e-05 4.819003585554708e+23
2.33e-05 4.473604025711764e+23
2.34e-05 4.151759714833188e+23
2.35e-05 3.8519551571245603e+23
2.3599999999999998e-05 3.572765731602384e+23
2.37e-05 3.3128527075060485e+23
2.38e-05 3.070958501869902e+23
2.3899999999999998e-05 2.8459021695126598e+23
2.4e-05 2.636575115965734e+23
2.41e-05 2.4419370241275412e+23
2.42e-05 2.2610119856968008e+23
2.4299999999999998e-05 2.0928848287035353e+23
2.44e-05 1.9366976327214002e+23
2.45e-05 1.7916464236084635e+23
2.4599999999999998e-05 1.65697803988519e+23
2.4699999999999997e-05 1.5319871631175815e+23
2.48e-05 1.416013504929867e+23
2.49e-05 1.3084391435242912e+23
2.4999999999999998e-05 1.2086860028351933e+23
2.51e-05 1.1162134676902355e+23
2.52e-05 1.0305161285931723e+23
2.53e-05 9.511216499795633e+22
2.5399999999999997e-05 8.775887560292055e+22
2.55e-05 8.095053283464986e+22
2.56e-05 7.464866100423605e+22
2.5699999999999998e-05 6.881735109684835e+22
2.58e-05 6.342310090665671e+22
2.59e-05 5.843466430015713e+22
2.6e-05 5.382290914489331e+22
2.6099999999999997e-05 4.9560683460101166e+22
2.62e-05 4.562268936477489e+22
2.63e-05 4.198536441706148e+22
2.6399999999999998e-05 3.862676995673646e+22
2.65e-05 3.5526486079796152e+22
2.66e-05 3.266551289092467e+22
2.67e-05 3.0026177695761056e+22
2.6799999999999998e-05 2.7592047810506935e+22
2.69e-05 2.5347848681485364e+22
2.7e-05 2.3279387021793575e+22
2.7099999999999998e-05 2.1373478686193147e+22
2.7199999999999997e-05 1.9617881018860703e+22
2.73e-05 1.8001229421588907e+22
2.74e-05 1.6512977902491402e+22
2.7499999999999998e-05 1.5143343377237202e+22
2.76e-05 1.3883253506330512e+22
2.77e-05 1.27242978629724e+22
2.7799999999999998e-05 1.1658682236603004e+22
2.7899999999999997e-05 1.067918588733877e+22
2.8e-05 9.77912157620084e+21
2.81e-05 8.952298205290457e+21
2.8199999999999998e-05 8.192985910917488e+21
2.83e-05 7.495883461141507e+21
2.84e-05 6.856087817253702e+21
2.8499999999999998e-05 6.269065726424853e+21
2.8599999999999997e-05 5.730627220082082e+21
2.87e-05 5.236900899567543e+21
2.88e-05 4.784310897287863e+21
2.8899999999999998e-05 4.3695554078961335e+21
2.9e-05 3.989586690070682e+21
2.91e-05 3.6415924451783245e+21
2.9199999999999998e-05 3.3229784845461147e+21
2.9299999999999997e-05 3.031352602226028e+21
2.94e-05 2.7645095750327646e+21
2.95e-05 2.5204172162767567e+21
2.9599999999999998e-05 2.2972034140133288e+21
2.97e-05 2.093144088794917e+21
2.98e-05 1.9066520098567372e+21
2.99e-05 1.7362664123968221e+21
2.9999999999999997e-05 1.5806433621387135e+21
3.01e-05 1.4385468166984022e+21
3.02e-05 1.3088403364254382e+21
3.0299999999999998e-05 1.1904794003600654e+21
3.04e-05 1.082504285752253e+21
3.05e-05 9.840334722326293e+20
3.06e-05 8.942575342174241e+20
3.07e-05 8.124334874771054e+20
3.0799999999999996e-05 7.378795580086894e+20
3.09e-05 6.699703434317e+20
3.1e-05 6.081323390841116e+20
3.11e-05 5.518398028337793e+20
3.12e-05 5.0061093434897125e+20
3.13e-05 4.540043461945955e+20
3.14e-05 4.116158056441694e+20
3.15e-05 3.7307522752695114e+20
3.1599999999999996e-05 3.380438997700562e+20
3.17e-05 3.0621192455178466e+20
3.18e-05 2.7729585915944767e+20
3.1899999999999996e-05 2.510365417472164e+20
3.2e-05 2.2719708822116332e+20
3.21e-05 2.055610474438068e+20
3.22e-05 1.8593070285295337e+20
3.23e-05 1.6812550943313694e+20
3.24e-05 1.5198065576596462e+20
3.25e-05 1.3734574162150521e+20
3.26e-05 1.2408356223963475e+20
3.2699999999999995e-05 1.1206899109096237e+20
3.28e-05 1.0118795350441148e+20
3.29e-05 9.133648410539775e+19
3.2999999999999996e-05 8.241986152734363e+19
3.31e-05 7.435181434238632e+19
3.32e-05 6.705379260682424e+19
3.3299999999999996e-05 6.0454299835229676e+19
3.34e-05 5.448828060624161e+19
3.35e-05 4.909655936473092e+19
3.36e-05 4.4225326321084465e+19
3.37e-05 3.982566666046164e+19
3.38e-05 3.585312956461731e+19
3.39e-05 3.226733381774345e+19
3.4e-05 2.903160701715537e+19
3.4099999999999995e-05 2.6112655640848544e+19
3.42e-05 2.348026343821119e+19
3.43e-05 2.110701580865166e+19
3.4399999999999996e-05 1.896804801667236e+19
3.45e-05 1.7040815262010153e+19
3.46e-05 1.5304882780818549e+19
3.4699999999999996e-05 1.3741734299381264e+19
3.48e-05 1.2334597296353933e+19
3.49e-05 1.1068283653811306e+19
3.5e-05 9.929044392160311e+18
3.51e-05 8.904437289946489e+18
3.52e-05 7.983206287368798e+18
3.53e-05 7.155171662519493e+18
3.54e-05 6.411130052535577e+18
3.5499999999999996e-05 5.742763468502988e+18
3.56e-05 5.142556523575078e+18
3.57e-05 4.6037211588017137e+18
3.5799999999999996e-05 4.120128211031496e+18
3.59e-05 3.686245222335524e+18
3.6e-05 3.2970799410678006e+18
3.6099999999999997e-05 2.9481290112604943e+18
3.62e-05 2.6353313898634465e+18
3.63e-05 2.3550260706662067e+18
3.64e-05 2.103913729856121e+18
3.65e-05 1.8790219413168177e+18
3.6599999999999995e-05 1.6776736401890353e+18
3.67e-05 1.4974585411142277e+18
3.68e-05 1.3362072431592087e+18
3.6899999999999996e-05 1.1919677768609838e+18
3.7e-05 1.062984370304828e+18
3.71e-05 9.476782308128782e+17
3.7199999999999996e-05 8.44630156820429e+17
3.73e-05 7.525648109870868e+17
3.74e-05 6.70336500654065e+17
3.75e-05 5.969163255318117e+17
3.76e-05 5.313805650895433e+17
3.77e-05 4.729001896177192e+17
3.78e-05 4.2073138943591744e+17
3.79e-05 3.7420702630487776e+17
3.7999999999999995e-05 3.327289198489934e+17
3.81e-05 2.9576088977457274e+17
3.82e-05 2.6282248194443318e+17
3.8299999999999996e-05 2.3348331300037062e+17
3.84e-05 2.0735797426647667e+17
3.85e-05 1.8410144116846112e+17
3.8599999999999996e-05 1.634049394132854e+17
3.87e-05 1.449922237319551e+17
3.88e-05 1.2861622913520675e+17
3.89e-05 1.1405605840279107e+17
3.9e-05 1.0111427295487026e+17
3.9099999999999995e-05 8.961445736875526e+16
3.92e-05 7.939903063333467e+16
3.93e-05 7.032727980230092e+16
3.9399999999999995e-05 6.227359403874256e+16
3.95e-05 5.512587915896494e+16
3.96e-05 4.878413470184423e+16
3.9699999999999996e-05 4.3159177289276856e+16
3.98e-05 3.817149561950093e+16
3.99e-05 3.3750223862987068e+16
3.9999999999999996e-05 2.983222152369028e+16
4.01e-05 2.636124899901537e+16
4.02e-05 2.3287229131090716e+16
4.03e-05 2.0565586000099308e+16
4.04e-05 1.815665307680524e+16
4.0499999999999995e-05 1.6025143634536934e+16
4.06e-05 1.4139677028484562e+16
4.07e-05 1.2472355089285692e+16
4.0799999999999996e-05 1.0998383454924234e+16
4.09e-05 9695733185787860.0
4.1e-05 8544838477624302.0
4.1099999999999996e-05 7528326710930889.0
4.12e-05 6630777457386247.0
4.13e-05 5838507408269198.0
4.14e-05 5139378500021055.0
4.15e-05 4522626791473278.0
4.1599999999999995e-05 3978709898758001.5
4.17e-05 3499171020241858.0
4.18e-05 3076517787419218.5
4.1899999999999995e-05 2704114360784834.5
4.2e-05 2376085354284725.5
4.21e-05 2087230319834416.8
4.2199999999999996e-05 1832947656239518.8
4.23e-05 1609166926142197.5
4.24e-05 1412288671693151.5
4.2499999999999996e-05 1239130915727855.2
4.26e-05 1086881621406262.4
4.27e-05 953056460548912.2
4.28e-05 835461310164938.1
4.29e-05 732158958727070.0
4.2999999999999995e-05 641439559334447.0
4.31e-05 561794416673355.8
4.32e-05 491892739231559.2
4.3299999999999995e-05 430561028077662.75
4.34e-05 376764809163969.25
4.35e-05 329592447982562.44
4.3599999999999996e-05 288240813889676.94
4.37e-05 252002586863404.72
4.38e-05 220255022189799.1
4.3899999999999996e-05 192450008865938.7
4.4e-05 168105275620247.9
4.41e-05 146796614609159.75
4.42e-05 128151007260524.33
4.43e-05 111840549582429.64
4.4399999999999995e-05 97577085706794.19
4.45e-05 85107468638618.52
4.46e-05 74209376267212.73
4.4699999999999996e-05 64687618784298.28
4.48e-05 56370880852450.76
4.49e-05 49108848271581.82
4.4999999999999996e-05 42769674586699.41
4.51e-05 37237748143679.984
4.52e-05 32411724599793.29
4.5299999999999997e-05 28202793893543.54
4.54e-05 24533154228827.848
4.5499999999999995e-05 21334668780425.05
4.56e-05 18547683625147.21
4.57e-05 16119987884658.209
4.5799999999999995e-05 14005899266836.703
4.59e-05 12165460143726.166
4.6e-05 10563731033300.86
4.6099999999999996e-05 9170169884203.861
4.62e-05 7958086919311.774
4.63e-05 6904165995076.456
4.6399999999999996e-05 5988044496563.822
4.65e-05 5191944728511.683
4.66e-05 4500350594406.849
4.67e-05 3899724090851.7866
4.68e-05 3378256794303.1865
4.6899999999999995e-05 2925652091353.04
4.7e-05 2532934410735.967
4.71e-05 2192282162866.8806
4.7199999999999995e-05 1896881487761.7085
4.73e-05 1640798260724.8933
4.74e-05 1418866112572.461
4.7499999999999996e-05 1226588492162.6218
4.76e-05 1060053037851.1879
4.77e-05 915856734920.069
4.7799999999999996e-05 791040521360.3895
4.79e-05 683032167564.7094
4.8e-05 589596399095.8403
4.81e-05 508791358054.22864
4.82e-05 438930609697.7664
4.8299999999999995e-05 378549998677.6964
4.84e-05 326378745133.67487
4.85e-05 281314246346.65546
4.8599999999999995e-05 242400115922.62677
4.87e-05 208807050670.6527
4.88e-05 179816166413.77353
4.8899999999999996e-05 154804488785.87567
4.9e-05 133232324375.63527
4.91e-05 114632272044.96547
4.9199999999999997e-05 98599664460.13286
4.93e-05 84784256345.30125
4.9399999999999995e-05 72882999155.6189
4.95e-05 62633762170.66245
4.96e-05 53809877781.67675
4.9699999999999995e-05 46215404297.85927
4.98e-05 39681013200.82694
4.99e-05 34060419672.32931
4.9999999999999996e-05 29227285619.149563
5.01e-05 25072533506.288776
5.02e-05 21502017247.737747
5.0299999999999996e-05 18434503336.3318
5.04e-05 15799921445.808691
5.05e-05 13537849019.32128
5.06e-05 11596198965.840582
5.07e-05 9930083603.77385
5.0799999999999995e-05 8500831493.911802
5.09e-05 7275136856.518631
5.1e-05 6224323926.927995
5.1099999999999995e-05 5323710920.262052
5.12e-05 4552060292.484057
5.13e-05 3891103740.107241
5.1399999999999996e-05 3325131907.905843
5.15e-05 2840640102.105009
5.16e-05 2426022461.2831516
5.1699999999999996e-05 2071308040.899311
5.18e-05 1767933139.4329636
5.1899999999999994e-05 1508544951.5972126
5.2e-05 1286832291.798585
5.21e-05 1097379701.915778
5.2199999999999995e-05 935541752.8488805
5.23e-05 797334778.9964141
5.24e-05 679343657.4320896
5.2499999999999995e-05 578641566.5540347
5.26e-05 492720938.87916917
5.27e-05 419434065.1250089
5.2799999999999996e-05 356942016.6960244
5.29e-05 303670735.4660977
5.3e-05 258273297.05773374
5.3099999999999996e-05 219597489.91007817
5.32e-05 186657970.12420565
5.3299999999999995e-05 158612353.82817066
5.34e-05 134740696.74622664
5.35e-05 114427886.6360759
5.3599999999999995e-05 97148539.8804745
5.37e-05 82454050.17800452
5.38e-05 69961486.18061651
5.3899999999999996e-05 59344077.12030946
5.4e-05 50323061.86215876
5.41e-05 42660708.20267936
5.4199999999999996e-05 36154336.28278739
5.43e-05 30631203.29355869
5.4399999999999994e-05 25944126.731413294
5.4499999999999997e-05 21967740.749307923
5.46e-05 18595295.034345515
5.4699999999999995e-05 15735918.450532338
5.48e-05 13312280.704022072
5.49e-05 11258594.764037276
5.4999999999999995e-05 9518910.919077873
5.51e-05 8045660.349224309
5.52e-05 6798412.110335874
5.5299999999999996e-05 5742812.591953461
5.54e-05 4849680.946112098
5.55e-05 4094237.791129996
5.5599999999999996e-05 3455447.7607638612
5.57e-05 2915459.270736731
5.5799999999999994e-05 2459127.2768812254
5.59e-05 2073606.858255668
5.6e-05 1748007.2230142583
5.6099999999999995e-05 1473097.2462250425
5.62e-05 1241054.9430877028
5.63e-05 1045254.3889444589
5.6399999999999995e-05 880084.545612976
5.65e-05 740795.2646846422
5.66e-05 623366.4320999424
5.6699999999999996e-05 524396.8113468539
5.68e-05 441009.6494621852
5.69e-05 370772.5430378008
5.6999999999999996e-05 311629.43127249286
5.71e-05 261842.89888207198
5.7199999999999994e-05 219945.2412012498
5.73e-05 184696.97378044366
5.74e-05 155051.66493887495
5.7499999999999995e-05 130126.13699891903
5.76e-05 109175.2245054219
5.77e-05 91570.39923109474
5.7799999999999995e-05 76781.67526850294
5.79e-05 64362.29564804635
5.8e-05 53935.776954978704
5.8099999999999996e-05 45184.952274781725
5.82e-05 37842.70712248835
5.8299999999999994e-05 31684.149215106685
5.8399999999999997e-05 26519.992228870404
5.85e-05 22190.96707051891
5.8599999999999995e-05 18563.10255966329
5.87e-05 15523.74151438445
5.88e-05 12978.178691471407
5.8899999999999995e-05 10846.824399143776
5.9e-05 9062.812336483637
5.91e-05 7569.982714390298
5.9199999999999996e-05 6321.1823134499655
5.93e-05 5276.832120563978
5.94e-05 4403.720801821323
5.9499999999999996e-05 3673.9887209545327
5.96e-05 3064.2726768622124
5.9699999999999994e-05 2554.9861598302114
5.98e-05 2129.71384148987
5.99e-05 1774.702326342344
5.9999999999999995e-05 1478.4319946966957
6.01e-05 1231.2571361039413
6.02e-05 1025.1035750194144
6.0299999999999995e-05 853.2146826667727
6.04e-05 709.9380985614273
6.05e-05 590.5466922889614
6.0599999999999996e-05 491.088315181683
6.07e-05 408.259751524397
6.08e-05 339.3010044424411
6.0899999999999996e-05 281.90666350909385
6.1e-05 234.15161698878796
6.11e-05 194.42880643060354
6.12e-05 161.3970876692046
6.13e-05 133.9375708563721
6.14e-05 111.11707196424065
6.149999999999999e-05 92.15752690243626
6.159999999999999e-05 76.41040342333604
6.17e-05 63.335300798820654
6.18e-05 52.482057436793795
6.19e-05 43.475796048108485
6.2e-05 36.00442794983683
6.209999999999999e-05 29.808215362054774
6.22e-05 24.67105545244297
6.23e-05 20.41320437016061
6.24e-05 16.885205242834964
6.25e-05 13.962822482531669
6.26e-05 11.54281693254616
6.269999999999999e-05 9.539423375425917
6.28e-05 7.881414545846668
6.29e-05 6.509654749856435
6.3e-05 5.375062073338642
6.31e-05 4.4369114623575046
6.319999999999999e-05 3.661422092411568
6.33e-05 3.020581762135487
6.34e-05 2.49116884330746
6.35e-05 2.053938839714665
6.36e-05 1.6929480594793949
6.37e-05 1.3949914625371151
6.379999999999999e-05 1.1491355527807434
6.39e-05 0.9463303651225109
6.4e-05 0.7790872538011004
6.41e-05 0.6412114055141515
6.42e-05 0.527579851296373
6.429999999999999e-05 0.4339572947172571
6.44e-05 0.35684336136245315
6.45e-05 0.29334594789067814
6.46e-05 0.2410762435327815
6.47e-05 0.1980617422541841
6.48e-05 0.1626741846299674
6.489999999999999e-05 0.13356988542396334
6.5e-05 0.10964033316641235
6.51e-05 0.08997130609607884
6.52e-05 0.07380904670269055
6.53e-05 0.060532284817106825
6.539999999999999e-05 0.049629105130629646
6.549999999999999e-05 0.04067782617305531
6.56e-05 0.03333119997230014
6.57e-05 0.027303359717927807
6.58e-05 0.022359040808139365
6.59e-05 0.018304682050298664
6.599999999999999e-05 0.014981081320312685
6.61e-05 0.012257336007054002
6.62e-05 0.01002584502294314
6.63e-05 0.008198187672073694
6.64e-05 0.006701726581459906
6.65e-05 0.005476808340539943
6.659999999999999e-05 0.004474457391193986
6.67e-05 0.003654476839916854
6.68e-05 0.00298388486898197
6.69e-05 0.0024356278389092963
6.7e-05 0.0019875214440188823
6.709999999999999e-05 0.001621379774570793
6.72e-05 0.001322299158493832
6.73e-05 0.0010780694564003627
6.74e-05 0.0008786902755852509
6.75e-05 0.000715973526170092
6.76e-05 0.0005832170097865904
6.769999999999999e-05 0.00047493642773059093
6.78e-05 0.00038664542034481394
6.79e-05 0.0003146750844435624
6.8e-05 0.00025602592868504266
6.81e-05 0.00020824647402286055
6.819999999999999e-05 0.00016933373411996935
6.829999999999999e-05 0.00013765165724048155
6.84e-05 0.00011186430834659874
6.85e-05 9.088114410993353e-05
6.86e-05 7.381220593070183e-05
6.87e-05 5.9931444705904614e-05
6.879999999999999e-05 4.8646710741754216e-05
6.89e-05 3.947520503157412e-05
6.9e-05 3.202340415331565e-05
6.91e-05 2.597064855593686e-05
6.92e-05 2.1055729822999937e-05
6.929999999999999e-05 1.7065932246843713e-05
6.939999999999999e-05 1.3828082349099198e-05
6.95e-05 1.1201240657543865e-05
6.96e-05 9.070736235784555e-06
6.97e-05 7.343298745762273e-06
6.98e-05 5.943087330279604e-06
6.989999999999999e-05 4.808452082918734e-06
7e-05 3.889293764193471e-06
7.01e-05 3.144911907882636e-06
7.02e-05 2.5422515117827357e-06
7.03e-05 2.0544749207061185e-06
7.04e-05 1.659798941856888e-06
7.049999999999999e-05 1.3405482218096297e-06
7.06e-05 1.0823849017838728e-06
7.07e-05 8.736819160424621e-07
7.08e-05 7.05013304185651e-07
7.09e-05 5.687398154929652e-07
7.099999999999999e-05 4.586720919710425e-07
7.11e-05 3.697969900204523e-07
7.12e-05 2.980552726657018e-07
7.13e-05 2.4016108485102307e-07
7.14e-05 1.934554032327795e-07
7.15e-05 1.557871027198688e-07
7.159999999999999e-05 1.2541646487401953e-07
7.17e-05 1.0093691737281723e-07
7.18e-05 8.121157927613326e-08
7.19e-05 6.532182669064798e-08
7.2e-05 5.25256144531733e-08
7.209999999999999e-05 4.222371358706223e-08
7.219999999999999e-05 3.3932369438229215e-08
7.23e-05 2.726116618853429e-08
7.24e-05 2.1895111804909702e-08
7.25e-05 1.758014314493546e-08
7.26e-05 1.4111401840273123e-08
7.269999999999999e-05 1.1323754188742276e-08
7.28e-05 9.084127877046939e-09
7.29e-05 7.285319225416982e-09
7.3e-05 5.840990291825278e-09
7.31e-05 4.681628445978724e-09
7.319999999999999e-05 3.75128424091458e-09
7.329999999999999e-05 3.004938459685512e-09
7.34e-05 2.4063776311832117e-09
7.35e-05 1.9264803407812944e-09
7.36e-05 1.5418353228257836e-09
7.37e-05 1.2336274376427654e-09
7.379999999999999e-05 9.867398755642216e-10
7.39e-05 7.890308385556228e-10
7.4e-05 6.307509680860928e-10
7.41e-05 5.040742744363568e-10
7.42e-05 4.027205685926969e-10
7.429999999999999e-05 3.2165163918661256e-10
7.439999999999999e-05 2.5682684494466274e-10
7.45e-05 2.050065629114416e-10
7.46e-05 1.6359416998928738e-10
7.47e-05 1.305090419230128e-10
7.48e-05 1.04084512208006e-10
7.489999999999999e-05 8.298591027649883e-11
7.5e-05 6.614474775263146e-11
7.51e-05 5.270588728000503e-11
7.52e-05 4.198514577649365e-11
7.53e-05 3.343528155246802e-11
7.54e-05 2.661871565235568e-11
7.549999999999999e-05 2.118566072204241e-11
7.56e-05 1.6856590753296588e-11
7.57e-05 1.3408194395262176e-11
7.58e-05 1.0662122988566313e-11
7.59e-05 8.475980008393286e-12
7.599999999999999e-05 6.736107604013557e-12
7.609999999999999e-05 5.351813559765324e-12
7.62e-05 4.250752441787918e-12
7.63e-05 3.3752312934613512e-12
7.64e-05 2.679255706047495e-12
7.65e-05 2.1261685989002953e-12
7.659999999999999e-05 1.6867633509197118e-12
7.67e-05 1.3377764446081324e-12
7.68e-05 1.0606836532776922e-12
7.69e-05 8.407389355218498e-13
7.7e-05 6.662073348271807e-13
7.709999999999999e-05 5.27752907793038e-13
7.719999999999999e-05 4.1795049739458104e-13
7.73e-05 3.308964101892171e-13
7.74e-05 2.618980552803799e-13
7.75e-05 2.0722660471018678e-13
7.76e-05 1.6391993763613814e-13
7.769999999999999e-05 1.2962569296432643e-13
7.78e-05 1.0247630447168667e-13
7.79e-05 8.098953103924494e-14
7.8e-05 6.398930436882852e-14
7.81e-05 5.054276313846647e-14
7.819999999999999e-05 3.991017858811397e-14
7.829999999999999e-05 3.150514416900057e-14
7.84e-05 2.4862934891290432e-14
7.85e-05 1.9615367387555925e-14
7.86e-05 1.5470831098953293e-14
7.87e-05 1.2198431687916992e-14
7.879999999999999e-05 9.615403622799052e-15
7.89e-05 7.577120929541947e-15
7.9e-05 5.969172206058598e-15
7.91e-05 4.7010752123490325e-15
7.92e-05 3.7012933276793495e-15
7.93e-05 2.91328541252568e-15
7.939999999999999e-05 2.2923757254919928e-15
7.95e-05 1.803274395475838e-15
7.96e-05 1.4181138278182703e-15
7.97e-05 1.1148941571062339e-15
7.98e-05 8.76252905438873e-16
7.989999999999999e-05 6.88491524436262e-16
7.999999999999999e-05 5.408054172511142e-16
8.01e-05 4.246750903181238e-16
8.02e-05 3.333848604115658e-16
8.03e-05 2.616425079710815e-16
8.04e-05 2.052787944017757e-16
8.049999999999999e-05 1.6101014495741438e-16
8.06e-05 1.2625127513407776e-16
8.07e-05 9.896729428797173e-17
8.08e-05 7.755700412183298e-17
8.09e-05 6.076083989724526e-17
8.099999999999999e-05 4.758827256792073e-17
8.109999999999999e-05 3.72605750124556e-17
8.12e-05 2.9165714333256213e-17
8.13e-05 2.282281173061951e-17
8.14e-05 1.7854149005441705e-17
8.15e-05 1.396312583303912e-17
8.159999999999999e-05 1.0916908007525856e-17
8.17e-05 8.532772447284422e-18
8.18e-05 6.66736458889854e-18
8.19e-05 5.208249533197468e-18
8.2e-05 4.0672691713402015e-18
8.209999999999999e-05 3.1753208169707096e-18
8.219999999999999e-05 2.4782543843046466e-18
8.23e-05 1.933649456009109e-18
8.24e-05 1.5082842969398654e-18
8.25e-05 1.1761488509024014e-18
8.26e-05 9.16885268798302e-19
8.269999999999999e-05 7.145643445821644e-19
8.28e-05 5.567257918452782e-19
8.29e-05 4.336256931957164e-19
8.3e-05 3.376465768814531e-19
8.31e-05 2.6283511478479324e-19
8.319999999999999e-05 2.0453994093134026e-19
8.329999999999999e-05 1.59127992173875e-19
8.34e-05 1.2376241349177e-19
8.35e-05 9.622871799374082e-20
8.36e-05 7.479875788702359e-20
8.37e-05 5.81243141182496e-20
8.379999999999999e-05 4.515388041060048e-20
8.389999999999999e-05 3.5067605396029866e-20
8.4e-05 2.722644583252895e-20
8.41e-05 2.11324385199035e-20
8.42e-05 1.6397668834787553e-20
8.43e-05 1.2720039388615714e-20
8.439999999999999e-05 9.864354293106035e-21
8.45e-05 7.647557353131598e-21
8.46e-05 5.927215409557779e-21
8.47e-05 4.592536113480869e-21
8.48e-05 3.557364474632778e-21
8.489999999999999e-05 2.7547238882852975e-21
8.499999999999999e-05 2.132562302063859e-21
8.51e-05 1.6504384589663993e-21
8.52e-05 1.2769412326913942e-21
8.53e-05 9.876804735809444e-22
8.54e-05 7.63723264597804e-22
8.549999999999999e-05 5.903772063043783e-22
8.56e-05 4.562439991050063e-22
8.57e-05 3.524834942523633e-22
8.58e-05 2.722415787656375e-22
8.59e-05 2.1020555445849612e-22
8.599999999999999e-05 1.6225870211232414e-22
8.609999999999999e-05 1.2521198453532964e-22
8.62e-05 9.65957246315196e-23
8.63e-05 7.449789974335172e-23
8.64e-05 5.743865821442808e-23
8.65e-05 4.427297328191429e-23
8.659999999999999e-05 3.411514745105626e-23
8.669999999999999e-05 2.6280280137476296e-23
8.68e-05 2.0238900537493756e-23
8.69e-05 1.5581815011063275e-23
8.7e-05 1.1992877239874664e-23
8.709999999999999e-05 9.227901766514058e-24
8.719999999999999e-05 7.098339738127937e-24
8.73e-05 5.4586450982907876e-24
8.74e-05 4.196499821930369e-24
8.75e-05 3.225253431637225e-24
8.76e-05 2.478076927070817e-24
8.769999999999999e-05 1.9034437076312602e-24
8.779999999999999e-05 1.4616373109743137e-24
8.79e-05 1.1220534560293937e-24
8.8e-05 8.611163458718157e-25
8.81e-05 6.606698549988485e-25
8.82e-05 5.067357405264601e-25
8.829999999999999e-05 3.8855543073979405e-25
8.84e-05 2.9785085163844967e-25
8.85e-05 2.2825439028636355e-25
8.86e-05 1.7486942340046618e-25
8.87e-05 1.3393160585960536e-25
8.879999999999999e-05 1.0254789462240184e-25
8.889999999999999e-05 7.849552701003475e-26
8.9e-05 6.006722576404755e-26
8.91e-05 4.595203586441566e-26
8.92e-05 3.514361827112949e-26
8.93e-05 2.6869694982456945e-26
8.939999999999999e-05 2.0537783073624207e-26
8.95e-05 1.5693469423907412e-26
8.96e-05 1.1988337500295952e-26
8.97e-05 9.155320729774626e-27
8.98e-05 6.989768420457099e-27
8.989999999999999e-05 5.334904484018972e-27
8.999999999999999e-05 4.0706631054593405e-27
9.01e-05 3.10511965648532e-27
9.02e-05 2.3679155077285048e-27
9.03e-05 1.8052142784305054e-27
9.04e-05 1.3758339758768556e-27
9.049999999999999e-05 1.0482817552379588e-27
9.059999999999999e-05 7.9848133113991895e-28
9.07e-05 6.080317579146328e-28
9.08e-05 4.628737292206956e-28
9.09e-05 3.522683214283459e-28
9.099999999999999e-05 2.680152156464292e-28
9.109999999999999e-05 2.038544184767367e-28
9.12e-05 1.5500854566337476e-28
9.13e-05 1.1783274723677712e-28
9.14e-05 8.954703890891135e-29
9.15e-05 6.803170190006636e-29
9.159999999999999e-05 5.167093699247005e-29
9.169999999999999e-05 3.923342740486611e-29
9.18e-05 2.9781124232315993e-29
9.19e-05 2.2599606067311714e-29
9.2e-05 1.7144925699595917e-29
9.21e-05 1.300305258445054e-29
9.219999999999999e-05 9.85893535856993e-30
9.23e-05 7.47290951808509e-30
9.24e-05 5.662711665880065e-30
9.25e-05 4.2897719941606016e-30
9.26e-05 3.248770418797579e-30
9.269999999999999e-05 2.4596816550809118e-30
9.279999999999999e-05 1.8617178611001316e-30
9.29e-05 1.408717558538917e-30
9.3e-05 1.0656365436402577e-30
9.31e-05 8.058782110646524e-31
9.32e-05 6.092630904128894e-31
9.329999999999999e-05 4.604849993823933e-31
9.34e-05 3.4793753672993503e-31
9.35e-05 2.6282233938055943e-31
9.36e-05 1.984716498025873e-31
9.37e-05 1.498338400581851e-31
9.379999999999999e-05 1.1308280789518248e-31
9.389999999999999e-05 8.532150681703462e-32
9.4e-05 6.435699022914468e-32
9.41e-05 4.852976919663173e-32
9.42e-05 3.658440822893375e-32
9.43e-05 2.7571422131563114e-32
9.439999999999999e-05 2.0772924437915652e-32
9.449999999999999e-05 1.5646293484383922e-32
9.46e-05 1.1781502414698734e-32
9.47e-05 8.868808364425845e-33
9.48e-05 6.674293049983226e-33
9.489999999999999e-05 5.0213523242522806e-33
9.499999999999999e-05 3.77669190599059e-33
9.51e-05 2.839735404489366e-33
9.52e-05 2.134615541310294e-33
9.53e-05 1.60412034510185e-33
9.54e-05 1.2051184423561807e-33
9.549999999999999e-05 9.051030755146833e-34
9.559999999999999e-05 6.795820318043686e-34
9.57e-05 5.101070082542738e-34
9.58e-05 3.8278619380889154e-34
9.59e-05 2.871619077153201e-34
9.6e-05 2.153639461860707e-34
9.609999999999999e-05 1.6147109624803365e-34
9.62e-05 1.2102977529981328e-34
9.63e-05 9.069123519128669e-35
9.64e-05 6.793820692617356e-35
9.65e-05 5.087899621850162e-35
9.659999999999999e-05 3.809243159345875e-35
9.669999999999999e-05 2.851113999293024e-35
9.68e-05 2.1333701307746954e-35
9.69e-05 1.5958556163396224e-35
9.7e-05 1.193429469339116e-35
9.71e-05 8.922277174763149e-36
9.719999999999999e-05 6.668535561026681e-36
9.73e-05 4.9826577258470144e-36
9.74e-05 3.721923781547419e-36
9.75e-05 2.7793916106925408e-36
9.76e-05 2.074951075376839e-36
9.769999999999999e-05 1.548609169018129e-36
9.779999999999999e-05 1.1554512165744263e-36
9.79e-05 8.61860877298391e-37
9.8e-05 6.426852991838812e-37
9.81e-05 4.791097176293032e-37
9.82e-05 3.5706441696140667e-37
9.829999999999999e-05 2.660310568327168e-37
9.839999999999999e-05 1.9814850378403642e-37
9.85e-05 1.4754321153028628e-37
9.86e-05 1.0982790264870088e-37
9.87e-05 8.172635576477872e-38
9.879999999999999e-05 6.07926523852016e-38
9.889999999999999e-05 4.520115622542854e-38
9.9e-05 3.358943959155678e-38
9.91e-05 2.494082811713009e-38
9.92e-05 1.8496576738173466e-38
9.93e-05 1.3690194063376225e-38
9.939999999999999e-05 1.0098307915958917e-38
9.949999999999999e-05 7.403868383313727e-39
9.96e-05 5.368533628285014e-39
9.97e-05 3.8118659160270325e-39
9.98e-05 2.5955464867997878e-39
9.989999999999999e-05 1.6112469601482682e-39
9.999999999999999e-05 7.711080561084841e-40
