1e-07 3.3010442652815293e+27
2e-07 3.300617589654111e+27
3e-07 3.299764415051451e+27
4e-07 3.298485094641448e+27
5e-07 3.296780157834975e+27
6e-07 3.2946503098772026e+27
7e-07 3.2920964313035043e+27
8e-07 3.289119577260658e+27
9e-07 3.2857209766941874e+27
1e-06 3.281902031402906e+27
1.1e-06 3.277664314961849e+27
1.2e-06 3.2730095715149686e+27
1.2999999999999998e-06 3.2679397144391407e+27
1.4e-06 3.2624568248811496e+27
1.5e-06 3.2565631501695257e+27
1.6e-06 3.250261102103204e+27
1.6999999999999998e-06 3.2435532551191995e+27
1.8e-06 3.2364423443415365e+27
1.9e-06 3.228931263513924e+27
2e-06 3.2210230628186885e+27
2.1e-06 3.2127209465847094e+27
2.2e-06 3.20402827088715e+27
2.3e-06 3.194948541041943e+27
2.4e-06 3.185485408998076e+27
2.4999999999999998e-06 3.1756426706308497e+27
2.5999999999999997e-06 3.165424262939367e+27
2.7e-06 3.1548342611516277e+27
2.8e-06 3.1438768757406667e+27
2.8999999999999998e-06 3.1325564493552785e+27
3e-06 3.1208774536689447e+27
3.1e-06 3.1088444861506365e+27
3.2e-06 3.096462266761254e+27
3.2999999999999997e-06 3.0837356345794885e+27
3.3999999999999996e-06 3.0706695443609845e+27
3.5e-06 3.0572690630346805e+27
3.6e-06 3.0435393661402767e+27
3.6999999999999997e-06 3.0294857342107966e+27
3.8e-06 3.0151135491042263e+27
3.9e-06 3.0004282902882523e+27
4e-06 2.985435531082104e+27
4.1e-06 2.970140934859541e+27
4.2e-06 2.954550251216996e+27
4.2999999999999995e-06 2.9386693121108927e+27
4.4e-06 2.922504027968148e+27
4.5e-06 2.9060603837738307e+27
4.6e-06 2.889344435139931e+27
4.7e-06 2.872362304359184e+27
4.8e-06 2.855120176447811e+27
4.9e-06 2.837624295181051e+27
4.9999999999999996e-06 2.819880959125253e+27
5.0999999999999995e-06 2.8018965176703103e+27
5.199999999999999e-06 2.783677367066094e+27
5.3e-06 2.765229946466542e+27
5.4e-06 2.746560733984954e+27
5.5e-06 2.7276762427639906e+27
5.6e-06 2.708583017063796e+27
5.7e-06 2.6892876283715914e+27
5.7999999999999995e-06 2.6697966715360063e+27
5.899999999999999e-06 2.6501167609293107e+27
6e-06 2.630254526640673e+27
6.1e-06 2.6102166107034123e+27
6.2e-06 2.590009663359183e+27
6.3e-06 2.569640339361906e+27
6.4e-06 2.5491152943241594e+27
6.5e-06 2.5284411811086615e+27
6.5999999999999995e-06 2.5076246462673806e+27
6.699999999999999e-06 2.486672326530676e+27
6.799999999999999e-06 2.4655908453488117e+27
6.9e-06 2.444386809488059e+27
7e-06 2.4230668056835034e+27
7.1e-06 2.4016373973505717e+27
7.2e-06 2.380105121357193e+27
7.2999999999999996e-06 2.3584764848583955e+27
7.3999999999999995e-06 2.3367579621950387e+27
7.499999999999999e-06 2.3149559918582933e+27
7.6e-06 2.2930769735213447e+27
7.699999999999999e-06 2.2711272651397332e+27
7.8e-06 2.249113180121604e+27
7.899999999999999e-06 2.2270409845690702e+27
8e-06 2.2049168945917756e+27
8.1e-06 2.1827470736936464e+27
8.2e-06 2.1605376302337282e+27
8.3e-06 2.1382946149619155e+27
8.4e-06 2.116024018630258e+27
8.5e-06 2.093731769680488e+27
8.599999999999999e-06 2.0714237320082535e+27
8.7e-06 2.0491057028045272e+27
8.8e-06 2.0267834104745044e+27
8.9e-06 2.00446251263428e+27
9e-06 1.98214859418546e+27
9.1e-06 1.9598471654678198e+27
9.2e-06 1.9375636604900242e+27
9.299999999999999e-06 1.915303435238354e+27
9.4e-06 1.8930717660633032e+27
9.499999999999999e-06 1.8708738481438574e+27
9.6e-06 1.848714794029165e+27
9.7e-06 1.8265996322572797e+27
9.8e-06 1.8045333060505564e+27
9.9e-06 1.7825206720872521e+27
9.999999999999999e-06 1.760566499348788e+27
1.01e-05 1.7386754680421097e+27
1.0199999999999999e-05 1.716852168596493e+27
1.03e-05 1.6951011007341147e+27
1.0399999999999999e-05 1.6734266726136423e+27
1.05e-05 1.6518332000460583e+27
1.06e-05 1.6303249057818835e+27
1.07e-05 1.6089059188689178e+27
1.08e-05 1.5875802740795855e+27
1.0899999999999999e-05 1.5663519114069218e+27
1.1e-05 1.5452246756282085e+27
1.1099999999999999e-05 1.5242023159352242e+27
1.12e-05 1.5032884856300514e+27
1.13e-05 1.482486741885344e+27
1.14e-05 1.4618005455679308e+27
1.15e-05 1.441233261124611e+27
1.1599999999999999e-05 1.4207881565289611e+27
1.17e-05 1.4004684032879628e+27
1.1799999999999999e-05 1.380277076507226e+27
1.19e-05 1.3602171550135758e+27
1.2e-05 1.3402915215337457e+27
1.21e-05 1.3205029629279002e+27
1.22e-05 1.3008541704767108e+27
1.2299999999999999e-05 1.2813477402206768e+27
1.24e-05 1.261986173350385e+27
1.2499999999999999e-05 1.242771876646391e+27
1.26e-05 1.2237071629673847e+27
1.2699999999999999e-05 1.204794251785313e+27
1.28e-05 1.1860352697661155e+27
1.29e-05 1.1674322513947238e+27
1.3e-05 1.1489871396429812e+27
1.31e-05 1.1307017866791277e+27
1.3199999999999999e-05 1.1125779546174998e+27
1.33e-05 1.0946173163070954e+27
1.3399999999999999e-05 1.0768214561576496e+27
1.35e-05 1.0591918710018802e+27
1.3599999999999999e-05 1.0417299709925502e+27
1.37e-05 1.0244370805330194e+27
1.38e-05 1.0073144392399383e+27
1.3899999999999999e-05 9.90363202936766e+26
1.4e-05 9.735844446767865e+26
1.4099999999999999e-05 9.569791557943118e+26
1.42e-05 9.405482469827695e+26
1.4299999999999999e-05 9.242925493983763e+26
1.44e-05 9.08212815788119e+26
1.45e-05 8.923097216407644e+26
1.4599999999999999e-05 8.765838663596402e+26
1.47e-05 8.61035774455937e+26
1.4799999999999999e-05 8.456658967612937e+26
1.49e-05 8.304746116584468e+26
1.4999999999999999e-05 8.15462226328732e+26
1.51e-05 8.006289780152467e+26
1.52e-05 7.859750353004942e+26
1.53e-05 7.715004993973464e+26
1.5399999999999998e-05 7.572054054521786e+26
1.55e-05 7.430897238590482e+26
1.56e-05 7.291533615838022e+26
1.57e-05 7.1539616349702e+26
1.5799999999999998e-05 7.018179137147139e+26
1.59e-05 6.884183369457268e+26
1.6e-05 6.751970998447917e+26
1.61e-05 6.621538123702246e+26
1.62e-05 6.492880291452554e+26
1.63e-05 6.365992508220108e+26
1.64e-05 6.240869254471893e+26
1.6499999999999998e-05 6.11750449828483e+26
1.66e-05 5.995891709008284e+26
1.67e-05 5.876023870915817e+26
1.68e-05 5.7578934968374045e+26
1.69e-05 5.641492641763528e+26
1.7e-05 5.526812916412727e+26
1.71e-05 5.413845500754514e+26
1.7199999999999998e-05 5.3025811574796186e+26
1.73e-05 5.1930102454099085e+26
1.74e-05 5.0851227328404056e+26
1.75e-05 4.978908210806143e+26
1.76e-05 4.874355906266771e+26
1.77e-05 4.771454695202046e+26
1.78e-05 4.670193115611577e+26
1.7899999999999998e-05 4.5705593804123996e+26
1.8e-05 4.472541390228204e+26
1.81e-05 4.376126746064203e+26
1.82e-05 4.281302761861922e+26
1.8299999999999998e-05 4.1880564769283525e+26
1.84e-05 4.0963746682341536e+26
1.85e-05 4.006243862575816e+26
1.8599999999999998e-05 3.917650348596884e+26
1.87e-05 3.8305801886636104e+26
1.88e-05 3.745019230590545e+26
1.89e-05 3.6609531192118674e+26
1.8999999999999998e-05 3.578367307794419e+26
1.91e-05 3.497247069288636e+26
1.92e-05 3.417577507413768e+26
1.9299999999999998e-05 3.339343567574013e+26
1.94e-05 3.26253004760236e+26
1.95e-05 3.187121608329168e+26
1.96e-05 3.113102783972701e+26
1.9699999999999998e-05 3.0404579923490304e+26
1.98e-05 2.969171544898924e+26
1.99e-05 2.8992276565295288e+26
1.9999999999999998e-05 2.830610455268849e+26
2.01e-05 2.7633039917312005e+26
2.02e-05 2.697292248392035e+26
2.03e-05 2.6325591486706647e+26
2.0399999999999998e-05 2.5690885658196476e+26
2.05e-05 2.506864331619729e+26
2.06e-05 2.445870244879442e+26
2.07e-05 2.3860900797386083e+26
2.0799999999999997e-05 2.3275075937751714e+26
2.09e-05 2.270106535914942e+26
2.1e-05 2.213870654144008e+26
2.1099999999999998e-05 2.158783703023701e+26
2.12e-05 2.104829451008176e+26
2.13e-05 2.0519916875648053e+26
2.14e-05 2.000254230097735e+26
2.1499999999999997e-05 1.949600930675081e+26
2.16e-05 1.900015682560397e+26
2.17e-05 1.851482426549164e+26
2.1799999999999998e-05 1.8039851571111898e+26
2.19e-05 1.757507928339922e+26
2.2e-05 1.7120348597098137e+26
2.21e-05 1.667550141642977e+26
2.2199999999999998e-05 1.624038040886498e+26
2.23e-05 1.5814829057018693e+26
2.24e-05 1.5398691708681246e+26
2.2499999999999998e-05 1.4991813625003375e+26
2.26e-05 1.4594041026852706e+26
2.27e-05 1.4205221139360233e+26
2.28e-05 1.382520223467642e+26
2.2899999999999998e-05 1.3453833672957225e+26
2.3e-05 1.3090965941601248e+26
2.31e-05 1.2736450692759962e+26
2.3199999999999998e-05 1.239014077914367e+26
2.33e-05 1.2051890288146538e+26
2.34e-05 1.172155457431474e+26
2.35e-05 1.1398990290182338e+26
2.3599999999999998e-05 1.108405541550003e+26
2.37e-05 1.0776609284882587e+26
2.38e-05 1.0476512613901113e+26
2.3899999999999998e-05 1.01836275236469e+26
2.4e-05 9.897817563793923e+25
2.41e-05 9.618947734187546e+25
2.42e-05 9.346884504987255e+25
2.4299999999999998e-05 9.081495835391626e+25
2.44e-05 8.822651190974e+25
2.45e-05 8.570221559657616e+25
2.4599999999999998e-05 8.32407946635909e+25
2.4699999999999997e-05 8.08409898632947e+25
2.48e-05 7.850155757222114e+25
2.49e-05 7.622126989916828e+25
2.4999999999999998e-05 7.3998914781298495e+25
2.51e-05 7.1833296068391974e+25
2.52e-05 6.97232335955514e+25
2.53e-05 6.766756324465359e+25
2.5399999999999997e-05 6.566513699484535e+25
2.55e-05 6.371482296237926e+25
2.56e-05 6.181550543008527e+25
2.5699999999999998e-05 5.996608486677277e+25
2.58e-05 5.816547793685698e+25
2.59e-05 5.641261750050154e+25
2.6e-05 5.470645260456875e+25
2.6099999999999997e-05 5.3045948464666085e+25
2.62e-05 5.143008643857634e+25
2.63e-05 4.985786399135641e+25
2.6399999999999998e-05 4.832829465238724e+25
2.65e-05 4.684040796465546e+25
2.66e-05 4.539324942654371e+25
2.67e-05 4.398588042640498e+25
2.6799999999999998e-05 4.261737817019201e+25
2.69e-05 4.128683560241089e+25
2.7e-05 3.999336132066371e+25
2.7099999999999998e-05 3.873607948404232e+25
2.7199999999999997e-05 3.751412971563163e+25
2.73e-05 3.6326666999376937e+25
2.74e-05 3.5172861571566394e+25
2.7499999999999998e-05 3.405189880717562e+25
2.76e-05 3.2962979101317558e+25
2.77e-05 3.1905317746036722e+25
2.7799999999999998e-05 3.087814480268274e+25
2.7899999999999997e-05 2.9880704970093904e+25
2.8e-05 2.8912257448817276e+25
2.81e-05 2.797207580158748e+25
2.8199999999999998e-05 2.7059447810281888e+25
2.83e-05 2.6173675329565583e+25
2.84e-05 2.531407413743486e+25
2.8499999999999998e-05 2.4479973782863713e+25
2.8599999999999997e-05 2.3670717430752935e+25
2.87e-05 2.288566170437713e+25
2.88e-05 2.2124176525520204e+25
2.8899999999999998e-05 2.138564495248531e+25
2.9e-05 2.0669463016160634e+25
2.91e-05 1.997503955431778e+25
2.9199999999999998e-05 1.930179604431474e+25
2.9299999999999997e-05 1.8649166434371162e+25
2.94e-05 1.8016596973578546e+25
2.95e-05 1.7403546040803793e+25
2.9599999999999998e-05 1.68094839726397e+25
2.97e-05 1.623389289055161e+25
2.98e-05 1.5676266527364652e+25
2.99e-05 1.5136110053231775e+25
2.9999999999999997e-05 1.46129399012181e+25
3.01e-05 1.410628359263269e+25
3.02e-05 1.361567956223456e+25
3.0299999999999998e-05 1.3140676983435221e+25
3.04e-05 1.2680835593615855e+25
3.05e-05 1.22357255196729e+25
3.06e-05 1.1804927103901559e+25
3.07e-05 1.1388030730322669e+25
3.0799999999999996e-05 1.0984636651554208e+25
3.09e-05 1.0594354816324598e+25
3.1e-05 1.021680469772109e+25
3.11e-05 9.85161512226246e+24
3.12e-05 9.498424099881452e+24
3.13e-05 9.156878654898532e+24
3.14e-05 8.826634658064829e+24
3.15e-05 8.507356659748392e+24
3.1599999999999996e-05 8.198717724334368e+24
3.17e-05 7.900399265906065e+24
3.18e-05 7.61209088527049e+24
3.1899999999999996e-05 7.33349020838847e+24
3.2e-05 7.064302726266196e+24
3.21e-05 6.804241636361764e+24
3.22e-05 6.553027685557051e+24
3.23e-05 6.31038901474225e+24
3.24e-05 6.076061005057266e+24
3.25e-05 5.849786125831292e+24
3.26e-05 5.631313784258909e+24
3.2699999999999995e-05 5.420400176848362e+24
3.28e-05 5.216808142674803e+24
3.29e-05 5.020307018468725e+24
3.2999999999999996e-05 4.8306724955671926e+24
3.31e-05 4.647686478752927e+24
3.32e-05 4.471136947003945e+24
3.3299999999999996e-05 4.3008178161740006e+24
3.34e-05 4.1365288036218366e+24
3.35e-05 3.978075294805035e+24
3.36e-05 3.825268211852065e+24
3.37e-05 3.677923884124106e+24
3.38e-05 3.53586392077617e+24
3.39e-05 3.3989150853251355e+24
3.4e-05 3.26690917223045e+24
3.4099999999999995e-05 3.139682885491407e+24
3.42e-05 3.0170777192632383e+24
3.43e-05 2.8989398404925465e+24
3.4399999999999996e-05 2.785119973571028e+24
3.45e-05 2.675473287004889e+24
3.46e-05 2.56985928209589e+24
3.4699999999999996e-05 2.468141683628546e+24
3.48e-05 2.3701883325566548e+24
3.49e-05 2.2758710806810404e+24
3.5e-05 2.1850656873091718e+24
3.51e-05 2.0976517178861397e+24
3.52e-05 2.013512444585363e+24
3.53e-05 1.9325347488463392e+24
3.54e-05 1.854609025845738e+24
3.5499999999999996e-05 1.7796290908872016e+24
3.56e-05 1.707492087694299e+24
3.57e-05 1.6380983985902414e+24
3.5799999999999996e-05 1.5713515565471646e+24
3.59e-05 1.5071581590870306e+24
3.6e-05 1.4454277840155013e+24
3.6099999999999997e-05 1.3860729069694647e+24
3.62e-05 1.329008820758303e+24
3.63e-05 1.2741535564783927e+24
3.64e-05 1.221427806379825e+24
3.65e-05 1.170754848463824e+24
3.6599999999999995e-05 1.1220604727889064e+24
3.67e-05 1.0752729094634111e+24
3.68e-05 1.0303227583016515e+24
3.6899999999999996e-05 9.871429201206102e+23
3.7e-05 9.45668529653792e+23
3.71e-05 9.058368900585835e+23
3.7199999999999996e-05 8.675874089932272e+23
3.73e-05 8.308615362393192e+23
3.74e-05 7.956027028455615e+23
3.75e-05 7.617562617683515e+23
3.76e-05 7.292694299846831e+23
3.77e-05 6.980912320527279e+23
3.78e-05 6.681724450954172e+23
3.79e-05 6.394655451822894e+23
3.7999999999999995e-05 6.119246550848639e+23
3.81e-05 5.855054933807976e+23
3.82e-05 5.601653248821171e+23
3.8299999999999996e-05 5.35862912362863e+23
3.84e-05 5.1255846956155054e+23
3.85e-05 4.9021361543394274e+23
3.8599999999999996e-05 4.6879132963173255e+23
3.87e-05 4.482559091828538e+23
3.88e-05 4.285729263492821e+23
3.89e-05 4.097091876383347e+23
3.9e-05 3.91632693943652e+23
3.9099999999999995e-05 3.7431260179222186e+23
3.92e-05 3.577191856740024e+23
3.93e-05 3.4182380143090765e+23
3.9399999999999995e-05 3.265988506821359e+23
3.95e-05 3.120177462630522e+23
3.96e-05 2.980548786550707e+23
3.9699999999999996e-05 2.8468558338423515e+23
3.98e-05 2.718861093664486e+23
3.99e-05 2.5963358817756878e+23
3.9999999999999996e-05 2.479060042268577e+23
4.01e-05 2.36682165812551e+23
4.02e-05 2.2594167703859867e+23
4.03e-05 2.1566491057191584e+23
4.04e-05 2.0583298121978083e+23
4.0499999999999995e-05 1.9642772030731373e+23
4.06e-05 1.874316508352741e+23
4.07e-05 1.7882796339872228e+23
4.0799999999999996e-05 1.7060049284739926e+23
4.09e-05 1.627336956689922e+23
4.1e-05 1.5521262807676642e+23
4.1099999999999996e-05 1.4802292478336337e+23
4.12e-05 1.4115077844287815e+23
4.13e-05 1.3458291974365269e+23
4.14e-05 1.2830659813453646e+23
4.15e-05 1.2230956316768828e+23
4.1599999999999995e-05 1.165800464413113e+23
4.17e-05 1.1110674412603184e+23
4.18e-05 1.05878800058952e+23
4.1899999999999995e-05 1.0088578938972253e+23
4.2e-05 9.611770276329862e+22
4.21e-05 9.15649310243562e+22
4.2199999999999996e-05 8.721825042865868e+22
4.23e-05 8.306880834697524e+22
4.24e-05 7.910810944746038e+22
4.2499999999999996e-05 7.5328002342710766e+22
4.26e-05 7.172066668801894e+22
4.27e-05 6.827860071764487e+22
4.28e-05 6.499460920622383e+22
4.29e-05 6.1861791842724496e+22
4.2999999999999995e-05 5.88735320046629e+22
4.31e-05 5.6023485920566084e+22
4.32e-05 5.3305572208964415e+22
4.3299999999999995e-05 5.071396178247295e+22
4.34e-05 4.82430681058001e+22
4.35e-05 4.588753779679497e+22
4.3599999999999996e-05 4.36422415599161e+22
4.37e-05 4.15022654417693e+22
4.38e-05 3.946290239862496e+22
4.3899999999999996e-05 3.7519644166083035e+22
4.4e-05 3.566817342130811e+22
4.41e-05 3.390435622850613e+22
4.42e-05 3.2224234758560444e+22
4.43e-05 3.0624020273985904e+22
4.4399999999999995e-05 2.910008637059649e+22
4.45e-05 2.7648962467515215e+22
4.46e-05 2.6267327537382825e+22
4.4699999999999996e-05 2.495200406884648e+22
4.48e-05 2.3699952253628865e+22
4.49e-05 2.2508264390694055e+22
4.4999999999999996e-05 2.1374159500237332e+22
4.51e-05 2.0294978140432945e+22
4.52e-05 1.926817742007665e+22
4.5299999999999997e-05 1.829132620045778e+22
4.54e-05 1.73621004799898e+22
4.5499999999999995e-05 1.6478278955318118e+22
4.56e-05 1.563773875280936e+22
4.57e-05 1.4838451324507952e+22
4.5799999999999995e-05 1.4078478502823002e+22
4.59e-05 1.3355968708381755e+22
4.6e-05 1.2669153305655054e+22
4.6099999999999996e-05 1.2016343101125381e+22
4.62e-05 1.139592497892926e+22
4.63e-05 1.0806358669063017e+22
4.6399999999999996e-05 1.024617364339444e+22
4.65e-05 9.713966134872246e+21
4.66e-05 9.208396275471332e+21
4.67e-05 8.72818534855368e+21
4.68e-05 8.272113151463376e+21
4.6899999999999995e-05 7.839015464308967e+21
4.7e-05 7.427781621017741e+21
4.71e-05 7.037352178874261e+21
4.7199999999999995e-05 6.666716682879913e+21
4.73e-05 6.314911521391238e+21
4.74e-05 5.981017869612462e+21
4.7499999999999996e-05 5.664159717632149e+21
4.76e-05 5.363501979805136e+21
4.77e-05 5.078248682388981e+21
4.7799999999999996e-05 4.807641226449309e+21
4.79e-05 4.5509567231503976e+21
4.8e-05 4.307506398646485e+21
4.81e-05 4.07663406588548e+21
4.82e-05 3.8577146607301553e+21
4.8299999999999995e-05 3.6501528398924994e+21
4.84e-05 3.4533816382648316e+21
4.85e-05 3.2668611833165565e+21
4.8599999999999995e-05 3.0900774643081114e+21
4.87e-05 2.922541154153806e+21
4.88e-05 2.763786481842979e+21
4.8899999999999996e-05 2.6133701534041207e+21
4.9e-05 2.4708703194696007e+21
4.91e-05 2.3358855875692247e+21
4.9199999999999997e-05 2.2080340773492645e+21
4.93e-05 2.0869525169798222e+21
4.9399999999999995e-05 1.972295379077454e+21
4.95e-05 1.8637340545320228e+21
4.96e-05 1.7609560626867132e+21
4.9699999999999995e-05 1.663664296378203e+21
4.98e-05 1.5715763004000662e+21
4.99e-05 1.484423582006768e+21
4.9999999999999996e-05 1.401950952128024e+21
5.01e-05 1.3239158960139925e+21
5.02e-05 1.2500879720807156e+21
5.0299999999999996e-05 1.1802482377725405e+21
5.04e-05 1.1141887013039052e+21
5.05e-05 1.0517117981870085e+21
5.06e-05 9.9262989149443e+20
5.07e-05 9.367647948468848e+20
5.0799999999999995e-05 8.839473171559353e+20
5.09e-05 8.340168281897524e+20
5.1e-05 7.868208440669084e+20
5.1099999999999995e-05 7.422146318187776e+20
5.12e-05 7.000608321954352e+20
5.13e-05 6.602290999230114e+20
5.1399999999999996e-05 6.225957606523488e+20
5.15e-05 5.870434838695197e+20
5.16e-05 5.534609710683601e+20
5.1699999999999996e-05 5.217426585136823e+20
5.18e-05 4.917884339512782e+20
5.1899999999999994e-05 4.635033666472599e+20
5.2e-05 4.367974501647306e+20
5.21e-05 4.115853573102648e+20
5.2199999999999995e-05 3.8778620670625e+20
5.23e-05 3.653233404678098e+20
5.24e-05 3.441241124848454e+20
5.2499999999999995e-05 3.241196868307016e+20
5.26e-05 3.052448458391401e+20
5.27e-05 2.8743780741068856e+20
5.2799999999999996e-05 2.7064005112807575e+20
5.29e-05 2.5479615277837366e+20
5.3e-05 2.398536268966782e+20
5.3099999999999996e-05 2.2576277696269507e+20
5.32e-05 2.124765528974764e+20
5.3299999999999995e-05 1.9995041552280578e+20
5.34e-05 1.881422076603701e+20
5.35e-05 1.7701203156191478e+20
5.3599999999999995e-05 1.6652213237506854e+20
5.37e-05 1.56636787362472e+20
5.38e-05 1.4732220060426409e+20
5.3899999999999996e-05 1.3854640292589765e+20
5.4e-05 1.3027915680468261e+20
5.41e-05 1.2249186601941559e+20
5.4199999999999996e-05 1.1515748981796107e+20
5.43e-05 1.0825046138772201e+20
5.4399999999999994e-05 1.0174661042359167e+20
5.4499999999999997e-05 9.562308959722873e+19
5.46e-05 8.98583047403615e+19
5.4699999999999995e-05 8.443184856331633e+19
5.48e-05 7.932443773809875e+19
5.49e-05 7.45178531831411e+19
5.4999999999999995e-05 6.999488339428698e+19
5.51e-05 6.573927067371974e+19
5.52e-05 6.173566011537311e+19
5.5299999999999996e-05 5.796955121189871e+19
5.54e-05 5.4427251954519785e+19
5.55e-05 5.1095835303083745e+19
5.5599999999999996e-05 4.796309790934832e+19
5.57e-05 4.501752098200895e+19
5.5799999999999994e-05 4.224823318720758e+19
5.59e-05 3.964497548326531e+19
5.6e-05 3.719806779316233e+19
5.6099999999999995e-05 3.4898377422858306e+19
5.62e-05 3.2737289137912074e+19
5.63e-05 3.070667681503061e+19
5.6399999999999995e-05 2.8798876589161607e+19
5.65e-05 2.7006661420548784e+19
5.66e-05 2.532321700980251e+19
5.6699999999999996e-05 2.3742118992507384e+19
5.68e-05 2.2257311348199227e+19
5.69e-05 2.0863085961704796e+19
5.6999999999999996e-05 1.9554063277852865e+19
5.71e-05 1.8325173993442998e+19
5.7199999999999994e-05 1.7171641733103022e+19
5.73e-05 1.6088966658284356e+19
5.74e-05 1.5072909961141086e+19
5.7499999999999995e-05 1.4119479197419151e+19
5.76e-05 1.3224914414751695e+19
5.77e-05 1.238567503491976e+19
5.7799999999999995e-05 1.1598427450699383e+19
5.79e-05 1.0860033299880528e+19
5.8e-05 1.0167538380915171e+19
5.8099999999999996e-05 9.51816217643477e+18
5.82e-05 8.909287952575519e+18
5.8299999999999994e-05 8.338453403666994e+18
5.8399999999999997e-05 7.803341813379513e+18
5.85e-05 7.301773704891398e+18
5.8599999999999995e-05 6.831698954032574e+18
5.87e-05 6.391189340688798e+18
5.88e-05 5.978431515014318e+18
5.8899999999999995e-05 5.591720356202866e+18
5.9e-05 5.229452702710427e+18
5.91e-05 4.890121433910797e+18
5.9199999999999996e-05 4.572309884199222e+18
5.93e-05 4.2746865715428024e+18
5.94e-05 3.996000223411249e+18
5.9499999999999996e-05 3.7350750839101486e+18
5.96e-05 3.490806486783513e+18
5.9699999999999994e-05 3.262156679754805e+18
5.98e-05 3.048150886438155e+18
5.99e-05 2.8478735927757153e+18
5.9999999999999995e-05 2.6604650456450565e+18
6.01e-05 2.485117951933802e+18
6.02e-05 2.321074366998992e+18
6.0299999999999995e-05 2.1676227620176113e+18
6.04e-05 2.0240952602936773e+18
6.05e-05 1.8898650331178852e+18
6.0599999999999996e-05 1.7643438462792143e+18
6.07e-05 1.64697974880563e+18
6.08e-05 1.5372548959641382e+18
6.0899999999999996e-05 1.4346834989803103e+18
6.1e-05 1.338809894345013e+18
6.11e-05 1.2492067259626447e+18
6.12e-05 1.1654732337616353e+18
6.13e-05 1.0872336427353928e+18
6.14e-05 1.0141356467111428e+18
6.149999999999999e-05 9.45848981456166e+17
6.159999999999999e-05 8.820640820266121e+17
6.17e-05 8.224908195441906e+17
6.18e-05 7.668573128513975e+17
6.19e-05 7.149088107472471e+17
6.2e-05 6.664066407434794e+17
6.209999999999999e-05 6.211272205065507e+17
6.22e-05 5.788611283640536e+17
6.23e-05 5.3941222945614746e+17
6.24e-05 5.0259685430368954e+17
6.25e-05 4.6824302674562144e+17
6.26e-05 4.361897383692704e+17
6.269999999999999e-05 4.062862667191055e+17
6.28e-05 3.783915347226065e+17
6.29e-05 3.5237350891671155e+17
6.3e-05 3.281086341952407e+17
6.31e-05 3.0548130292716314e+17
6.319999999999999e-05 2.843833564179593e+17
6.33e-05 2.647136168020163e+17
6.34e-05 2.4637744756331875e+17
6.35e-05 2.2928634098500554e+17
6.36e-05 2.133575309259654e+17
6.37e-05 1.985136294148469e+17
6.379999999999999e-05 1.84682285638945e+17
6.39e-05 1.717958659876708e+17
6.4e-05 1.597911538879703e+17
6.41e-05 1.4860906824237933e+17
6.42e-05 1.3819439934961285e+17
6.429999999999999e-05 1.284955612529166e+17
6.44e-05 1.1946435952305816e+17
6.45e-05 1.1105577354100757e+17
6.46e-05 1.0322775240024211e+17
6.47e-05 9.594102360038059e+16
6.48e-05 8.915891375268581e+16
6.489999999999999e-05 8.284718056402323e+16
6.5e-05 7.697385540928699e+16
6.51e-05 7.150909584324182e+16
6.52e-05 6.642504744132078e+16
6.53e-05 6.169571439529094e+16
6.539999999999999e-05 5.729683832397702e+16
6.549999999999999e-05 5.320578479153124e+16
6.56e-05 4.940143705616691e+16
6.57e-05 4.586409660093828e+16
6.58e-05 4.257539002514671e+16
6.59e-05 3.951818190037899e+16
6.599999999999999e-05 3.6676493219124216e+16
6.61e-05 3.4035425086454948e+16
6.62e-05 3.1581087326476096e+16
6.63e-05 2.930053169521532e+16
6.64e-05 2.7181689410422396e+16
6.65e-05 2.5213312726429056e+16
6.659999999999999e-05 2.3384920298858732e+16
6.67e-05 2.1686746099626456e+16
6.68e-05 2.0109691657389948e+16
6.69e-05 1.8645281412457216e+16
6.7e-05 1.7285620988173326e+16
6.709999999999999e-05 1.602335819304814e+16
6.72e-05 1.4851646579391994e+16
6.73e-05 1.3764111395040178e+16
6.74e-05 1.2754817774910142e+16
6.75e-05 1.1818241028685006e+16
6.76e-05 1.0949238889889238e+16
6.769999999999999e-05 1.0143025600051114e+16
6.78e-05 9395147709563396.0
6.79e-05 8701461484288795.0
6.8e-05 8058111813938604.0
6.81e-05 7461512524808016.0
6.819999999999999e-05 6908328005605465.0
6.829999999999999e-05 6395456060889482.0
6.84e-05 5920011912047611.0
6.85e-05 5479313270838981.0
6.86e-05 5070866415295056.0
6.87e-05 4692353202250779.0
6.879999999999999e-05 4341618954978358.0
6.89e-05 4016661168335192.0
6.9e-05 3715618977531305.0
6.91e-05 3436763340085273.0
6.92e-05 3178487883784712.0
6.929999999999999e-05 2939300376511107.5
6.939999999999999e-05 2717814776641510.5
6.95e-05 2512743825413007.5
6.96e-05 2322892145140757.5
6.97e-05 2147149809527218.8
6.98e-05 1984486354498528.5
6.989999999999999e-05 1833945200063001.8
7e-05 1694638455614988.0
7.01e-05 1565742082912871.5
7.02e-05 1446491392650459.5
7.03e-05 1336176852123446.0
7.04e-05 1234140182973823.8
7.049999999999999e-05 1139770729381285.2
7.06e-05 1052502078367785.2
7.07e-05 971808915095025.1
7.08e-05 897204097169956.5
7.09e-05 828235933035344.6
7.099999999999999e-05 764485650515615.0
7.11e-05 705565042516968.1
7.12e-05 651114277749114.6
7.13e-05 600799865147823.6
7.14e-05 554312761436329.5
7.15e-05 511366611972893.8
7.159999999999999e-05 471696115694616.06
7.17e-05 435055505586895.44
7.18e-05 401217136686532.8
7.19e-05 369970174166947.06
7.2e-05 341119374558794.25
7.209999999999999e-05 314483953630723.6
7.219999999999999e-05 289896534895213.5
7.23e-05 267202173115445.3
7.24e-05 246257447572843.53
7.25e-05 226929620213045.9
7.26e-05 209095854122292.0
7.269999999999999e-05 192642488098111.1
7.28e-05 177464363369186.9
7.29e-05 163464198790757.5
7.3e-05 150552011095136.16
7.31e-05 138644577013116.86
7.319999999999999e-05 127664934302275.81
7.329999999999999e-05 117541918923539.36
7.34e-05 108209735798849.2
7.35e-05 99607560761226.38
7.36e-05 91679171474882.84
7.37e-05 84372605258052.73
7.379999999999999e-05 77639841885667.48
7.39e-05 71436509583584.95
7.4e-05 65721612551457.27
7.41e-05 60457278468103.055
7.42e-05 55608524542010.38
7.429999999999999e-05 51143040770875.35
7.439999999999999e-05 47030989168380.76
7.45e-05 43244817804207.39
7.46e-05 39759088584989.484
7.47e-05 36550317779981.43
7.48e-05 33596828365982.01
7.489999999999999e-05 30878613331919.906
7.5e-05 28377209144776.598
7.51e-05 26075578635519.508
7.52e-05 23958002616733.64
7.53e-05 22009979592942.73
7.54e-05 20218132970457.926
7.549999999999999e-05 18570125216217.906
7.56e-05 17054578454711.395
7.57e-05 15661001028907.305
7.58e-05 14379719585351.307
7.59e-05 13201816275400.46
7.599999999999999e-05 12119070694126.621
7.609999999999999e-05 11123906205881.17
7.62e-05 10209340331023.37
7.63e-05 9368938892008.27
7.64e-05 8596773639034.047
7.65e-05 7887383095880.582
7.659999999999999e-05 7235736385541.278
7.67e-05 6637199812860.393
7.68e-05 6087505997734.38
7.69e-05 5582725367606.312
7.7e-05 5119239832060.45
7.709999999999999e-05 4693718475386.154
7.719999999999999e-05 4303095115098.675
7.73e-05 3944547585645.333
7.74e-05 3615478616951.696
7.75e-05 3313498187131.182
7.76e-05 3036407237647.101
7.769999999999999e-05 2782182647528.422
7.78e-05 2548963370946.3096
7.79e-05 2335037649600.877
7.8e-05 2138831217987.153
7.81e-05 1958896425743.363
7.819999999999999e-05 1793902206968.1565
7.829999999999999e-05 1642624831658.8691
7.84e-05 1503939379300.317
7.85e-05 1376811879151.1182
7.86e-05 1260292065958.0488
7.87e-05 1153506703702.74
7.879999999999999e-05 1055653433571.5494
7.89e-05 965995105659.5751
7.9e-05 883854556992.936
7.91e-05 808609801297.6182
7.92e-05 739689598575.1119
7.93e-05 676569374980.2775
7.939999999999999e-05 618767465749.786
7.95e-05 565841656013.4751
7.96e-05 517385996248.4544
7.97e-05 473027870918.33044
7.98e-05 432425300488.1673
7.989999999999999e-05 395264458529.7058
7.999999999999999e-05 361257387040.11707
8.01e-05 330139894399.70667
8.02e-05 301669621597.4313
8.03e-05 275624263465.1822
8.04e-05 251799932689.32782
8.049999999999999e-05 230009655317.30884
8.06e-05 210081987353.9821
8.07e-05 191859742852.341
8.08e-05 175198824651.212
8.09e-05 159967149603.20276
8.099999999999999e-05 146043660773.85605
8.109999999999999e-05 133317419681.64397
8.12e-05 121686772191.81345
8.13e-05 111058582178.59027
8.14e-05 101347527533.0344
8.15e-05 92475453520.8499
8.159999999999999e-05 84370778888.4025
8.17e-05 76967950478.60246
8.18e-05 70206942453.49554
8.19e-05 64032796529.52336
8.2e-05 58395199916.456604
8.209999999999999e-05 53248097913.815475
8.219999999999999e-05 48549338360.870865
8.23e-05 44260345359.64743
8.24e-05 40345819896.17928
8.25e-05 36773465174.949394
8.26e-05 33513734656.220287
8.269999999999999e-05 30539600946.985874
8.28e-05 27826343844.60759
8.29e-05 25351355968.824425
8.3e-05 23093964543.654373
8.31e-05 21035268006.573303
8.319999999999999e-05 19157986229.041397
8.329999999999999e-05 17446323230.66249
8.34e-05 15885841359.66948
8.35e-05 14463345995.639015
8.36e-05 13166779906.915047
8.37e-05 11985126465.68316
8.379999999999999e-05 10908320988.466417
8.389999999999999e-05 9927169529.451025
8.4e-05 9033274508.906359
8.41e-05 8218966609.414751
8.42e-05 7477242419.020725
8.43e-05 6801707343.067673
8.439999999999999e-05 6186523345.708052
8.45e-05 5626361118.124587
8.46e-05 5116356303.635489
8.47e-05 4652069440.309198
8.48e-05 4229449309.696749
8.489999999999999e-05 3844799406.0001574
8.499999999999999e-05 3494747263.614443
8.51e-05 3176216402.676776
8.52e-05 2886400672.182591
8.53e-05 2622740788.527648
8.54e-05 2382902884.1375875
8.549999999999999e-05 2164758896.273094
8.56e-05 1966368640.260229
8.57e-05 1785963424.3939848
8.58e-05 1621931075.6926973
8.59e-05 1472802256.6281083
8.599999999999999e-05 1337237963.000341
8.609999999999999e-05 1214018102.3420875
8.62e-05 1102031060.6893446
8.63e-05 1000264173.3091644
8.64e-05 907795022.0851605
8.65e-05 823783488.7814108
8.659999999999999e-05 747464499.3832502
8.669999999999999e-05 678141400.1935909
8.68e-05 615179911.3866926
8.69e-05 558002608.3252493
8.7e-05 506083885.1657231
8.709999999999999e-05 458945359.1427762
8.719999999999999e-05 416151677.4655142
8.73e-05 377306692.00284964
8.74e-05 342049969.9071934
8.75e-05 310053611.0474704
8.76e-05 281019345.61487687
8.769999999999999e-05 254675887.54690275
8.779999999999999e-05 230776521.50441146
8.79e-05 209096903.04907757
8.8e-05 189433053.41895193
8.81e-05 171599531.90190238
8.82e-05 155427770.27256653
8.829999999999999e-05 140764555.09966308
8.84e-05 127470644.95748031
8.85e-05 115419510.69769509
8.86e-05 104496187.9641672
8.87e-05 94596232.07207373
8.879999999999999e-05 85624766.23109287
8.889999999999999e-05 77495614.87710527
8.9e-05 70130514.59427296
8.91e-05 63458395.765081756
8.92e-05 57414728.68522468
8.93e-05 51940928.4278451
8.939999999999999e-05 46983813.24204612
8.95e-05 42495111.72772175
8.96e-05 38431014.44636617
8.97e-05 34751766.00894115
8.98e-05 31421294.030221853
8.989999999999999e-05 28406871.65712681
8.999999999999999e-05 25678810.668962967
9.01e-05 23210182.412652142
9.02e-05 20976564.078025527
9.03e-05 18955808.039164707
9.04e-05 17127832.18935224
9.049999999999999e-05 15474429.381135957
9.059999999999999e-05 13979094.250833895
9.07e-05 12626865.859903527
9.08e-05 11404184.725246089
9.09e-05 10298762.937879272
9.099999999999999e-05 9299466.18555661
9.109999999999999e-05 8396206.600814173
9.12e-05 7579845.452476409
9.13e-05 6842104.786667962
9.14e-05 6175487.203602197
9.15e-05 5573203.02953043
9.159999999999999e-05 5029104.209860877
9.169999999999999e-05 4537624.310161371
9.18e-05 4093724.0670642857
9.19e-05 3692841.9814701043
9.2e-05 3330849.4923310573
9.21e-05 3004010.3110837387
9.219999999999999e-05 2708943.534850919
9.23e-05 2442590.1911777505
9.24e-05 2202182.8986072596
9.25e-05 1985218.356109343
9.26e-05 1789432.4005071777
9.269999999999999e-05 1612777.3948239926
9.279999999999999e-05 1453401.732110305
9.29e-05 1309631.258997591
9.3e-05 1179952.4411326812
9.31e-05 1062997.1089365217
9.32e-05 957528.6369458488
9.329999999999999e-05 862429.423468627
9.34e-05 776689.549533987
9.35e-05 699396.507254433
9.36e-05 629725.897842132
9.37e-05 566933.0087231863
9.379999999999999e-05 510345.1875568601
9.389999999999999e-05 459354.93856635713
9.4e-05 413413.6734927946
9.41e-05 372026.05575720064
9.42e-05 334744.88211381296
9.43e-05 301166.4512537029
9.439999999999999e-05 270926.3735181668
9.449999999999999e-05 243695.78014955268
9.46e-05 219177.8943824943
9.47e-05 197104.93019664733
9.48e-05 177235.28774550496
9.489999999999999e-05 159351.01737431152
9.499999999999999e-05 143255.52677043178
9.51e-05 128771.50817628758
9.52e-05 115739.06476042491
9.53e-05 104014.01720671562
9.54e-05 93466.37336356127
9.549999999999999e-05 83978.94541103169
9.559999999999999e-05 75446.1004693791
9.57e-05 67772.63190119057
9.58e-05 60872.73976417019
9.59e-05 54669.109963639254
9.6e-05 49092.08264370949
9.609999999999999e-05 44078.90125318186
9.62e-05 39573.03453514431
9.63e-05 35523.564425789
9.64e-05 31884.63351523623
9.65e-05 28614.946327573944
9.659999999999999e-05 25677.319224747956
9.669999999999999e-05 23038.274234674787
9.68e-05 20667.672552817403
9.69e-05 18538.383872836966
9.7e-05 16625.988069780982
9.71e-05 14908.506092192436
9.719999999999999e-05 13366.157220793308
9.73e-05 11981.14012397385
9.74e-05 10737.43538689479
9.75e-05 9620.627414021612
9.76e-05 8617.743806567802
9.769999999999999e-05 7717.110498631729
9.779999999999999e-05 6908.2211005844165
9.79e-05 6181.619047148112
9.8e-05 5528.791282087442
9.81e-05 4942.072332864999
9.82e-05 4414.557738211762
9.829999999999999e-05 3940.0258904339507
9.839999999999999e-05 3512.867443420206
9.85e-05 3128.0215176280394
9.86e-05 2780.9180056312193
9.87e-05 2467.4253468345946
9.879999999999999e-05 2183.803198372198
9.889999999999999e-05 1926.659481594328
9.9e-05 1692.9113304553312
9.91e-05 1479.7495100165647
9.92e-05 1284.6059106085706
9.93e-05 1105.1237563366221
9.939999999999999e-05 939.1301959058842
9.949999999999999e-05 784.6109694885326
9.96e-05 639.6868678213705
9.97e-05 502.59171914110493
9.98e-05 371.65165613670274
9.989999999999999e-05 245.2654289959204
9.999999999999999e-05 121.88554199053256
