18.3491 3.48911e+10
24.4655 3.71428e+10
28.1353 3.84023e+10
31.5604 3.95087e+10
33.5177 4.01088e+10
37.1875 4.11888e+10
38.9001 4.16559e+10
44.0378 4.29363e+10
49.1756 4.40268e+10
57.9831 4.54293e+10
62.1423 4.58781e+10
66.7907 4.6213e+10
70.4605 4.63514e+10
74.8643 4.63759e+10
80.2467 4.61795e+10
85.3845 4.57652e+10
91.0115 4.50582e+10
93.4581 4.46689e+10
99.8191 4.34273e+10
104.712 4.22546e+10
108.871 4.11097e+10
112.296 4.00693e+10
117.19 3.84363e+10
119.881 3.74678e+10
123.061 3.62639e+10
126.242 3.49964e+10
132.113 3.25062e+10