18.3491 3.50937e+10
24.4655 3.725e+10
28.1353 3.84562e+10
31.5604 3.95161e+10
33.5177 4.00913e+10
37.1875 4.1128e+10
38.9001 4.15767e+10
44.0378 4.28089e+10
49.1756 4.38628e+10
57.9831 4.52312e+10
62.1423 4.56773e+10
66.7907 4.60195e+10
70.4605 4.61714e+10
74.8643 4.62213e+10
80.2467 4.60694e+10
85.3845 4.57113e+10
91.0115 4.50809e+10
93.4581 4.47295e+10
99.8191 4.35994e+10
104.712 4.25238e+10
108.871 4.14688e+10
112.296 4.05068e+10
117.19 3.89915e+10
119.881 3.80902e+10
123.061 3.69671e+10
126.242 3.57818e+10
132.113 3.34445e+10