18.3491 3.49942e+10
24.4655 3.71735e+10
28.1353 3.83932e+10
31.5604 3.94654e+10
33.5177 4.00474e+10
37.1875 4.10965e+10
38.9001 4.15506e+10
44.0378 4.27983e+10
49.1756 4.38658e+10
57.9831 4.52528e+10
62.1423 4.57054e+10
66.7907 4.60531e+10
70.4605 4.62079e+10
74.8643 4.62596e+10
80.2467 4.61074e+10
85.3845 4.57464e+10
91.0115 4.51098e+10
93.4581 4.47548e+10
99.8191 4.36127e+10
104.712 4.25254e+10
108.871 4.14588e+10
112.296 4.04861e+10
117.19 3.8954e+10
119.881 3.80427e+10
123.061 3.69073e+10
126.242 3.57091e+10
132.113 3.33466e+10