18.3952 5.90098e+10
24.4905 6.11726e+10
28.3896 6.24481e+10
31.5591 6.34185e+10
33.5012 6.39826e+10
37.157 6.49791e+10
38.8639 6.54143e+10
43.9833 6.66491e+10
49.5893 6.77645e+10
57.6339 6.89768e+10
62.0227 6.9439e+10
66.4095 6.97572e+10
70.3142 6.99178e+10
74.9443 6.99572e+10
80.0632 6.98193e+10
85.43 6.94507e+10
90.7927 6.88616e+10
93.2358 6.85204e+10
99.5734 6.74247e+10
104.458 6.63754e+10
108.851 6.52825e+10
112.023 6.44114e+10
116.416 6.30842e+10
119.834 6.19605e+10
123.007 6.08481e+10
125.693 5.98557e+10
131.554 5.75349e+10