18.3952 6.06976e+10
24.4905 6.2543e+10
28.3896 6.36235e+10
31.5591 6.44413e+10
33.5012 6.49147e+10
37.157 6.57469e+10
38.8639 6.61086e+10
43.9833 6.71327e+10
49.5893 6.80432e+10
57.6339 6.90092e+10
62.0227 6.93626e+10
66.4095 6.9591e+10
70.3142 6.96881e+10
74.9443 6.96726e+10
80.0632 6.94998e+10
85.43 6.91247e+10
90.7927 6.85595e+10
93.2358 6.82392e+10
99.5734 6.72265e+10
104.458 6.62688e+10
108.851 6.52781e+10
112.023 6.44876e+10
116.416 6.32969e+10
119.834 6.22874e+10
123.007 6.12893e+10
125.693 6.03995e+10
131.554 5.83196e+10