18.3952 6.0344e+10
24.4905 6.21157e+10
28.3896 6.31548e+10
31.5591 6.39425e+10
33.5012 6.4399e+10
37.157 6.52031e+10
38.8639 6.55533e+10
43.9833 6.65498e+10
49.5893 6.74411e+10
57.6339 6.84012e+10
62.0227 6.87623e+10
66.4095 6.90063e+10
70.3142 6.91239e+10
74.9443 6.91408e+10
80.0632 6.90141e+10
85.43 6.86985e+10
90.7927 6.82039e+10
93.2358 6.79194e+10
99.5734 6.70096e+10
104.458 6.61409e+10
108.851 6.52368e+10
112.023 6.45124e+10
116.416 6.3418e+10
119.834 6.24869e+10
123.007 6.15641e+10
125.693 6.07397e+10
131.554 5.88071e+10