18.3952 6.00841e+10
24.4905 6.20001e+10
28.3896 6.3124e+10
31.5591 6.39759e+10
33.5012 6.44696e+10
37.157 6.53386e+10
38.8639 6.57168e+10
43.9833 6.67888e+10
49.5893 6.77461e+10
57.6339 6.87691e+10
62.0227 6.91482e+10
66.4095 6.93983e+10
70.3142 6.95113e+10
74.9443 6.95102e+10
80.0632 6.93481e+10
85.43 6.89777e+10
90.7927 6.84108e+10
93.2358 6.80875e+10
99.5734 6.7061e+10
104.458 6.60868e+10
108.851 6.50769e+10
112.023 6.42701e+10
116.416 6.30538e+10
119.834 6.20218e+10
123.007 6.10011e+10
125.693 6.00907e+10
131.554 5.79623e+10
