18.3952 5.95955e+10
24.4905 6.16031e+10
28.3896 6.2784e+10
31.5591 6.36809e+10
33.5012 6.42016e+10
37.157 6.512e+10
38.8639 6.55206e+10
43.9833 6.66573e+10
49.5893 6.76793e+10
57.6339 6.87837e+10
62.0227 6.9201e+10
66.4095 6.94845e+10
70.3142 6.96232e+10
74.9443 6.96474e+10
80.0632 6.95066e+10
85.43 6.9151e+10
90.7927 6.8591e+10
93.2358 6.82683e+10
99.5734 6.72357e+10
104.458 6.62494e+10
108.851 6.52236e+10
112.023 6.44065e+10
116.416 6.31618e+10
119.834 6.2108e+10
123.007 6.10647e+10
125.693 6.01335e+10
131.554 5.7955e+10