18.3491 3.49586e+10
24.4655 3.71616e+10
28.1353 3.83947e+10
31.5604 3.94784e+10
33.5177 4.00667e+10
37.1875 4.11267e+10
38.9001 4.15856e+10
44.0378 4.28457e+10
49.1756 4.3923e+10
57.9831 4.53202e+10
62.1423 4.57745e+10
66.7907 4.61217e+10
70.4605 4.62744e+10
74.8643 4.63215e+10
80.2467 4.61607e+10
85.3845 4.57884e+10
91.0115 4.51361e+10
93.4581 4.47733e+10
99.8191 4.3608e+10
104.712 4.25004e+10
108.871 4.14151e+10
112.296 4.04261e+10
117.19 3.88697e+10
119.881 3.79446e+10
123.061 3.67926e+10
126.242 3.55776e+10
132.113 3.31846e+10