4.31743421052632e+000    3.64842365745883e+010
 5.75657894736842e+000    3.68396749391333e+010
 6.62006578947368e+000    3.77434943439610e+010
 7.42598684210526e+000    3.79269019073225e+010
 7.88651315789474e+000    4.11847886945837e+010
 8.75000000000000e+000    4.19911621859331e+010
 9.15296052631579e+000    4.21952105093091e+010
 1.03618421052632e+001    4.28133239871939e+010
 1.15707236842105e+001    4.38637000577954e+010
 1.36430921052632e+001    4.45062550745463e+010
 1.46217105263158e+001    4.49398459072167e+010
 1.57154605263158e+001    4.53776608879278e+010
 1.65789473684211e+001    4.47225250288643e+010
 1.76151315789474e+001    4.58197411693640e+010
 1.88815789473684e+001    4.67168642536527e+010
 2.00904605263158e+001    4.58197411693640e+010
 2.14144736842105e+001    4.69438762563722e+010
 2.19901315789474e+001    4.49398459072167e+010
 2.34868421052632e+001    4.42910309621864e+010
 2.46381578947368e+001    4.28133239871939e+010
 2.56167763157895e+001    4.15860209886405e+010
 2.64226973684211e+001    4.03939003237622e+010
 2.75740131578947e+001    3.94266133360608e+010
 2.82072368421053e+001    3.75609737060431e+010
 2.89555921052632e+001    3.66615250066097e+010
 2.97039473684211e+001    3.56105718130289e+010
 3.10855263157895e+001    3.29529831920562e+010