1.41794e-05 2.88578e-08 227715 2.54819e-08 7.12511e-09 7.75137e-08 3.55016
1.24822e-05 1.38054e-08 236025 8.12537e-08 1.37284e-09 5.77488e-08 3.52894
4.51238e-09 2.82086e-08 119434 1.93685e-08 8.12975e-09 5.01722e-08 3.38264
6.01308e-08 1.05155e-08 224365 9.41156e-08 3.13745e-09 4.62949e-08 3.94882
8.66806e-08 1.50709e-08 133323 7.49254e-08 8.41783e-09 3.74627e-08 3.52664
7.5756e-08 1.20914e-08 127954 3.17832e-08 5.7208e-09 1.58916e-08 3.40679
7.7504e-06 1.54005e-08 232430 3.40531e-08 8.521e-09 1.70265e-08 2.73117
3.51264e-06 1.3845e-08 216524 2.15215e-08 6.56663e-09 1.07608e-08 1.58592

2.35854e-05 2.35854e-08 0.169154 8.36736e-08 4.86772e-12 4.18368e-08 99.4956 5.59574 0.209181
7.70664e-08 2.41432e-08 0.287788 2.94182e-08 7.43686e-08 1.47091e-08 54.7341 65.9073 0.191707
3.39535e-08 2.65827e-08 0.178414 2.68319e-08 8.551e-08 1.34159e-08 38.5512 85.0532 0.277605
7.68354e-08 2.50221e-08 0.186551 3.01625e-08 6.35721e-08 1.50812e-08 31.3902 47.7235 0.169526
4.196e-08 1.92142e-08 0.181233 1.00466e-08 3.89413e-08 5.02328e-09 39.1489 -54.1818 1.8865
很好的好的fit result
7.29186e-08 3.35301e-08 150703 3.95602e-08 7.24981e-09 5.09300e-08 -1.54024 1.84796 0.193495
2.68325e-08 3.64713e-08 138403 6.43661e-08 3.21813e-09 4.12582e-08 -1.48377 1.63624 0.19311
3.11678e-08 3.66236e-08 143118 5.08713e-08 7.27431e-09 3.55026e-08 -1.50609 1.71800 0.193126
5.77506e-08 3.45521e-08 158986 8.90767e-08 3.70175e-09 3.75737e-08 -1.83597 2.34026 0.201037