1.04713e-10 1.79219e-08
1.09648e-10 1.75398e-08
1.14815e-10 1.71664e-08
1.20226e-10 1.68016e-08
1.25893e-10 1.64452e-08
1.31826e-10 1.6097e-08
1.38038e-10 1.57568e-08
1.44544e-10 1.54244e-08
1.51356e-10 1.50996e-08
1.58489e-10 1.47823e-08
1.65959e-10 1.44724e-08
1.7378e-10 1.41695e-08
1.8197e-10 1.38737e-08
1.90546e-10 1.35847e-08
1.99526e-10 1.33023e-08
2.0893e-10 1.30265e-08
2.18776e-10 1.27571e-08
2.29087e-10 1.24939e-08
2.39883e-10 1.22368e-08
2.51189e-10 1.19856e-08
2.63027e-10 1.17403e-08
2.75423e-10 1.15007e-08
2.88403e-10 1.12666e-08
3.01995e-10 1.1038e-08
3.16228e-10 1.08147e-08
3.31131e-10 1.05966e-08
3.46737e-10 1.03836e-08
3.63078e-10 1.01756e-08
3.80189e-10 9.97241e-09
3.98107e-10 9.77401e-09
4.16869e-10 9.58026e-09
4.36516e-10 9.39107e-09
4.57088e-10 9.20632e-09
4.7863e-10 9.02593e-09
5.01187e-10 8.84979e-09
5.24807e-10 8.67782e-09
5.49541e-10 8.50992e-09
5.7544e-10 8.34601e-09
6.0256e-10 8.18599e-09
6.30957e-10 8.02979e-09
6.60693e-10 7.87731e-09
6.91831e-10 7.72849e-09
7.24436e-10 7.58323e-09
7.58578e-10 7.44147e-09
7.94328e-10 7.30313e-09
8.31764e-10 7.16813e-09
8.70964e-10 7.03641e-09
9.12011e-10 6.90789e-09
9.54993e-10 6.78252e-09
1e-09 6.66021e-09
1.04713e-09 6.5409e-09
1.09648e-09 6.42455e-09
1.14815e-09 6.31107e-09
1.20226e-09 6.20042e-09
1.25893e-09 6.09253e-09
1.31826e-09 5.98735e-09
1.38038e-09 5.88482e-09
1.44544e-09 5.78489e-09
1.51356e-09 5.6875e-09
1.58489e-09 5.59261e-09
1.65959e-09 5.50017e-09
1.7378e-09 5.41012e-09
1.8197e-09 5.32243e-09
1.90546e-09 5.23704e-09
1.99526e-09 5.15391e-09
2.0893e-09 5.073e-09
2.18776e-09 4.99426e-09
2.29087e-09 4.91766e-09
2.39883e-09 4.84315e-09
2.51189e-09 4.7707e-09
2.63027e-09 4.70027e-09
2.75423e-09 4.63183e-09
2.88403e-09 4.56533e-09
3.01995e-09 4.50075e-09
3.16228e-09 4.43806e-09
3.31131e-09 4.37721e-09
3.46737e-09 4.31819e-09
3.63078e-09 4.26096e-09
3.80189e-09 4.2055e-09
3.98107e-09 4.15178e-09
4.16869e-09 4.09976e-09
4.36516e-09 4.04944e-09
4.57088e-09 4.00077e-09
4.7863e-09 3.95375e-09
5.01187e-09 3.90835e-09
5.24807e-09 3.86455e-09
5.49541e-09 3.82233e-09
5.7544e-09 3.78167e-09
6.0256e-09 3.74256e-09
6.30957e-09 3.70497e-09
6.60693e-09 3.6689e-09
6.91831e-09 3.63433e-09
7.24436e-09 3.60125e-09
7.58578e-09 3.56964e-09
7.94328e-09 3.5395e-09
8.31764e-09 3.51082e-09
8.70964e-09 3.48358e-09
9.12011e-09 3.45779e-09
9.54993e-09 3.43344e-09
1e-08 3.41052e-09
1.04713e-08 3.38904e-09
1.09648e-08 3.36898e-09
1.14815e-08 3.35036e-09
1.20226e-08 3.33316e-09
1.25893e-08 3.31741e-09
1.31826e-08 3.30309e-09
1.38038e-08 3.29022e-09
1.44544e-08 3.2788e-09
1.51356e-08 3.26885e-09
1.58489e-08 3.26037e-09
1.65959e-08 3.25338e-09
1.7378e-08 3.24789e-09
1.8197e-08 3.24392e-09
1.90546e-08 3.24149e-09
1.99526e-08 3.24062e-09
2.0893e-08 3.24134e-09
2.18776e-08 3.24366e-09
2.29087e-08 3.24762e-09
2.39883e-08 3.25324e-09
2.51189e-08 3.26056e-09
2.63027e-08 3.26962e-09
2.75423e-08 3.28045e-09
2.88403e-08 3.29309e-09
3.01995e-08 3.30759e-09
3.16228e-08 3.32398e-09
3.31131e-08 3.34234e-09
3.46737e-08 3.3627e-09
3.63078e-08 3.38512e-09
3.80189e-08 3.40966e-09
3.98107e-08 3.4364e-09
4.16869e-08 3.46539e-09
4.36516e-08 3.49671e-09
4.57088e-08 3.53043e-09
4.7863e-08 3.56664e-09
5.01187e-08 3.60543e-09
5.24807e-08 3.64688e-09
5.49541e-08 3.69108e-09
5.7544e-08 3.73815e-09
6.0256e-08 3.78819e-09
6.30957e-08 3.8413e-09
6.60693e-08 3.89762e-09
6.91831e-08 3.95726e-09
7.24436e-08 4.02036e-09
7.58578e-08 4.08705e-09
7.94328e-08 4.15749e-09
8.31764e-08 4.23182e-09
8.70964e-08 4.31021e-09
9.12011e-08 4.39283e-09
9.54993e-08 4.47986e-09
1e-07 4.57148e-09
1.04713e-07 4.6679e-09
1.09648e-07 4.76931e-09
1.14815e-07 4.87594e-09
1.20226e-07 4.98802e-09
1.25893e-07 5.10579e-09
1.31826e-07 5.2295e-09
1.38038e-07 5.3594e-09
1.44544e-07 5.49579e-09
1.51356e-07 5.63895e-09
1.58489e-07 5.78919e-09
1.65959e-07 5.94683e-09
1.7378e-07 6.11219e-09
1.8197e-07 6.28565e-09
1.90546e-07 6.46755e-09
1.99526e-07 6.6583e-09
2.0893e-07 6.8583e-09
2.18776e-07 7.06796e-09
2.29087e-07 7.28775e-09
2.39883e-07 7.51811e-09
2.51189e-07 7.75956e-09
2.63027e-07 8.01258e-09
2.75423e-07 8.27774e-09
2.88403e-07 8.55557e-09
3.01995e-07 8.84669e-09
3.16228e-07 9.1517e-09
3.31131e-07 9.47125e-09
3.46737e-07 9.80602e-09
3.63078e-07 1.01567e-08
3.80189e-07 1.05241e-08
3.98107e-07 1.09089e-08
4.16869e-07 1.1312e-08
4.36516e-07 1.17343e-08
4.57088e-07 1.21765e-08
4.7863e-07 1.26397e-08
5.01187e-07 1.31249e-08
5.24807e-07 1.3633e-08
5.49541e-07 1.41652e-08
5.7544e-07 1.47226e-08
6.0256e-07 1.53063e-08
6.30957e-07 1.59176e-08
6.60693e-07 1.65578e-08
6.91831e-07 1.72283e-08
7.24436e-07 1.79304e-08
7.58578e-07 1.86658e-08
7.94328e-07 1.94358e-08
8.31764e-07 2.02422e-08
8.70964e-07 2.10867e-08
9.12011e-07 2.1971e-08
9.54993e-07 2.28971e-08
1e-06 2.38669e-08
