2.5e-07 2.1159208978305132e+28
5e-07 2.11553262732403e+28
7.5e-07 2.1147563053351155e+28
1e-06 2.113592369700585e+28
1.2499999999999999e-06 2.112041476647744e+28
1.5e-06 2.110104500161686e+28
1.75e-06 2.1077825311430697e+28
2e-06 2.105076876357545e+28
2.25e-06 2.1019890571782374e+28
2.4999999999999998e-06 2.0985208081230785e+28
2.75e-06 2.094674075188981e+28
3e-06 2.090451013985159e+28
3.25e-06 2.0858539876681667e+28
3.5e-06 2.0808855646814976e+28
3.7499999999999997e-06 2.0755485163028537e+28
4e-06 2.0698458140024424e+28
4.25e-06 2.063780626615923e+28
4.5e-06 2.057356317335863e+28
4.749999999999999e-06 2.0505764405258084e+28
4.9999999999999996e-06 2.043444738361295e+28
5.25e-06 2.0359651373023692e+28
5.5e-06 2.02814174440237e+28
5.75e-06 2.0199788434579756e+28
6e-06 2.0114808910056755e+28
6.2499999999999995e-06 2.0026525121700412e+28
6.5e-06 1.993498496369338e+28
6.75e-06 1.984023792884201e+28
7e-06 1.9742335062952412e+28
7.25e-06 1.9641328917956135e+28
7.499999999999999e-06 1.9537273503847119e+28
7.75e-06 1.9430224239492842e+28
8e-06 1.9320237902383711e+28
8.249999999999999e-06 1.9207372577385925e+28
8.5e-06 1.9091687604563939e+28
8.75e-06 1.8973243526139493e+28
9e-06 1.8852102032654877e+28
9.25e-06 1.8728325908408784e+28
9.499999999999999e-06 1.8601978976233606e+28
9.75e-06 1.8473126041683274e+28
9.999999999999999e-06 1.8341832836701272e+28
1.025e-05 1.8208165962838396e+28
1.05e-05 1.8072192834089992e+28
1.0749999999999999e-05 1.7933981619422288e+28
1.1e-05 1.7793601185057369e+28
1.1249999999999999e-05 1.7651121036585923e+28
1.15e-05 1.7506611260976609e+28
1.175e-05 1.7360142468550316e+28
1.2e-05 1.7211785734987147e+28
1.225e-05 1.7061612543433e+28
1.2499999999999999e-05 1.6909694726772133e+28
1.275e-05 1.6756104410130877e+28
1.3e-05 1.6600913953676995e+28
1.325e-05 1.6444195895777828e+28
1.35e-05 1.628602289657942e+28
1.3749999999999999e-05 1.6126467682067379e+28
1.4e-05 1.5965602988668985e+28
1.4249999999999999e-05 1.580350150845468e+28
1.45e-05 1.5640235834995472e+28
1.475e-05 1.5475878409931304e+28
1.4999999999999999e-05 1.531050147030378e+28
1.525e-05 1.514417699670495e+28
1.55e-05 1.4976976662292087e+28
1.575e-05 1.4808971782716583e+28
1.6e-05 1.464023326701325e+28
1.625e-05 1.4470831569494358e+28
1.6499999999999998e-05 1.4300836642690752e+28
1.675e-05 1.4130317891380592e+28
1.7e-05 1.395934412774385e+28
1.725e-05 1.3787983527679087e+28
1.75e-05 1.3616303588316518e+28
1.7749999999999998e-05 1.3444371086759583e+28
1.8e-05 1.3272252040084895e+28
1.825e-05 1.310001166662838e+28
1.85e-05 1.2927714348583204e+28
1.875e-05 1.275542359593304e+28
1.8999999999999998e-05 1.2583202011741863e+28
1.925e-05 1.241111125881942e+28
1.95e-05 1.223921202777939e+28
1.975e-05 1.2067564006504872e+28
1.9999999999999998e-05 1.1896225851034025e+28
2.0249999999999998e-05 1.172525515787624e+28
2.05e-05 1.1554708437767337e+28
2.075e-05 1.1384641090869997e+28
2.1e-05 1.1215107383423817e+28
2.1249999999999998e-05 1.1046160425847102e+28
2.1499999999999997e-05 1.0877852152290643e+28
2.175e-05 1.0710233301641794e+28
2.2e-05 1.0543353399975102e+28
2.225e-05 1.0377260744443986e+28
2.2499999999999998e-05 1.0212002388606083e+28
2.2749999999999997e-05 1.004762412917301e+28
2.3e-05 9.884170494173691e+27
2.325e-05 9.721684732518573e+27
2.35e-05 9.560208804950449e+27
2.3749999999999998e-05 9.399783376366067e+27
2.4e-05 9.240447809491115e+27
2.425e-05 9.082240159889707e+27
2.45e-05 8.925197172288059e+27
2.475e-05 8.769354278190814e+27
2.4999999999999998e-05 8.614745594766964e+27
2.525e-05 8.461403924981303e+27
2.55e-05 8.30936075894602e+27
2.575e-05 8.15864627646602e+27
2.6e-05 8.009289350750522e+27
2.6249999999999998e-05 7.861317553262449e+27
2.65e-05 7.714757159676287e+27
2.675e-05 7.569633156914203e+27
2.7e-05 7.425969251229442e+27
2.7249999999999998e-05 7.283787877305336e+27
2.7499999999999998e-05 7.14311020833757e+27
2.775e-05 7.003956167066806e+27
2.8e-05 6.866344437728216e+27
2.825e-05 6.730292478884034e+27
2.8499999999999998e-05 6.595816537104872e+27
2.8749999999999997e-05 6.462931661465145e+27
2.9e-05 6.331651718817764e+27
2.925e-05 6.201989409812985e+27
2.95e-05 6.073956285626174e+27
2.9749999999999998e-05 5.947562765359192e+27
2.9999999999999997e-05 5.822818154079961e+27
3.025e-05 5.699730661464929e+27
3.05e-05 5.578307421009147e+27
3.0749999999999995e-05 5.458554509768766e+27
3.1e-05 5.340476968601024e+27
3.125e-05 5.224078822866939e+27
3.15e-05 5.109363103562267e+27
3.175e-05 4.996331868842511e+27
3.2e-05 4.8849862259082147e+27
3.225e-05 4.775326353217124e+27
3.25e-05 4.6673515229902683e+27
3.2749999999999996e-05 4.561060123979469e+27
3.2999999999999996e-05 4.4564496844643333e+27
3.325e-05 4.3535168954472994e+27
3.35e-05 4.252257634015925e+27
3.375e-05 4.1526669868422025e+27
3.4e-05 4.05473927378934e+27
3.425e-05 3.9584680715970656e+27
3.45e-05 3.8638462376173247e+27
3.475e-05 3.770865933572804e+27
3.5e-05 3.6795186493115815e+27
3.5249999999999996e-05 3.5897952265318975e+27
3.5499999999999996e-05 3.5016858824518095e+27
3.575e-05 3.415180233399327e+27
3.6e-05 3.33026731829937e+27
3.625e-05 3.2469356220347756e+27
3.65e-05 3.1651730986593245e+27
3.675e-05 3.084967194441676e+27
3.7e-05 3.0063048707198483e+27
3.725e-05 2.929172626546831e+27
3.75e-05 2.85355652110865e+27
3.7749999999999996e-05 2.779442195897155e+27
3.7999999999999995e-05 2.7068148966205877e+27
3.825e-05 2.6356594948358686e+27
3.85e-05 2.5659605092873627e+27
3.875e-05 2.497702126937752e+27
3.9e-05 2.4308682236774602e+27
3.925e-05 2.3654423846999228e+27
3.95e-05 2.3014079245307987e+27
3.975e-05 2.238747906700051e+27
3.9999999999999996e-05 2.1774451630466252e+27
4.0249999999999996e-05 2.11748231264624e+27
4.0499999999999995e-05 2.0588417803535958e+27
4.075e-05 2.00150581495107e+27
4.1e-05 1.9454565068967219e+27
4.125e-05 1.890675805665182e+27
4.15e-05 1.8371455366757058e+27
4.175e-05 1.7848474178024027e+27
4.2e-05 1.733763075462342e+27
4.225e-05 1.6838740602778786e+27
4.2499999999999996e-05 1.6351618623102645e+27
4.2749999999999996e-05 1.5876079258621852e+27
4.2999999999999995e-05 1.5411936638475323e+27
4.325e-05 1.495900471727292e+27
4.35e-05 1.4517097410110345e+27
4.375e-05 1.4086028723240432e+27
4.4e-05 1.3665612880406608e+27
4.425e-05 1.3255664444849776e+27
4.45e-05 1.285599843700458e+27
4.475e-05 1.2466430447906072e+27
4.4999999999999996e-05 1.2086776748332388e+27
4.5249999999999995e-05 1.1716854393713478e+27
4.5499999999999995e-05 1.1356481324840052e+27
4.575e-05 1.1005476464411122e+27
4.6e-05 1.0663659809462169e+27
4.625e-05 1.0330852519719697e+27
4.65e-05 1.0006877001931303e+27
4.675e-05 9.691556990223641e+26
4.7e-05 9.384717622543697e+26
4.7249999999999997e-05 9.086185513241639e+26
4.7499999999999996e-05 8.795788821856109e+26
4.7749999999999995e-05 8.513357318165379e+26
4.8e-05 8.238722443569965e+26
4.825e-05 7.971717368874513e+26
4.85e-05 7.712177048538592e+26
4.875e-05 7.459938271467894e+26
4.9e-05 7.21483970841878e+26
4.925e-05 6.976721956090677e+26
4.95e-05 6.745427577982044e+26
4.9749999999999996e-05 6.520801142086643e+26
4.9999999999999996e-05 6.30268925550797e+26
5.0249999999999995e-05 6.090940596070348e+26
5.05e-05 5.885405941005962e+26
5.075e-05 5.685938192797567e+26
5.1e-05 5.4923924022570506e+26
5.125e-05 5.304625788920254e+26
5.15e-05 5.1224977588386225e+26
5.175e-05 4.945869919848263e+26
5.2e-05 4.774606094396939e+26
5.2249999999999996e-05 4.608572330009232e+26
5.2499999999999995e-05 4.447636907469964e+26
5.2749999999999995e-05 4.2916703468053596e+26
5.3e-05 4.140545411141145e+26
5.325e-05 3.994137108516022e+26
5.35e-05 3.852322691728396e+26
5.375e-05 3.714981656293416e+26
5.4e-05 3.5819957365866046e+26
5.425e-05 3.453248900249421e+26
5.4499999999999997e-05 3.32862734093116e+26
5.4749999999999996e-05 3.208019469440537e+26
5.4999999999999995e-05 3.091315903379257e+26
5.5249999999999994e-05 2.9784094553286783e+26
5.55e-05 2.869195119659527e+26
5.575e-05 2.7635700580333864e+26
5.6e-05 2.66143358366336e+26
5.625e-05 2.5626871444000508e+26
5.65e-05 2.467234304707601e+26
5.675e-05 2.3749807265931823e+26
5.6999999999999996e-05 2.2858341495518983e+26
5.7249999999999996e-05 2.1997043695876603e+26
5.7499999999999995e-05 2.1165032173690867e+26
5.7749999999999994e-05 2.036144535578074e+26
5.8e-05 1.9585441555071355e+26
5.825e-05 1.8836198729601712e+26
5.85e-05 1.8112914235097607e+26
5.875e-05 1.741480457162618e+26
5.9e-05 1.67411051248329e+26
5.925e-05 1.6091069902246806e+26
5.9499999999999996e-05 1.5463971265124773e+26
5.9749999999999995e-05 1.4859099656290216e+26
5.9999999999999995e-05 1.4275763324406808e+26
6.0249999999999994e-05 1.371328804511269e+26
6.05e-05 1.317101683942582e+26
6.075e-05 1.2648309689816343e+26
6.1e-05 1.2144543254327232e+26
6.125e-05 1.1659110579109899e+26
6.149999999999999e-05 1.1191420809727329e+26
6.175e-05 1.0740898901562912e+26
6.2e-05 1.030698532965944e+26
6.225e-05 9.889135798298807e+25
6.25e-05 9.486820950619463e+25
6.275e-05 9.099526078555474e+25
6.3e-05 8.726750833367791e+25
6.324999999999999e-05 8.368008937025595e+25
6.35e-05 8.022827894683044e+25
6.374999999999999e-05 7.690748708484303e+25
6.4e-05 7.371325592917763e+25
6.425e-05 7.064125691928579e+25
6.45e-05 6.768728797987012e+25
6.475e-05 6.484727073298982e+25
6.5e-05 6.211724773334139e+25
6.525e-05 5.949337972836168e+25
6.549999999999999e-05 5.697194294469613e+25
6.575e-05 5.454932640247388e+25
6.599999999999999e-05 5.2222029258733805e+25
6.625e-05 4.998665818124949e+25
6.65e-05 4.783992475390929e+25
6.675e-05 4.57786429147182e+25
6.7e-05 4.379972642740084e+25
6.725e-05 4.190018638750247e+25
6.75e-05 4.007712876380226e+25
6.775e-05 3.8327751975776475e+25
6.8e-05 3.664934450777314e+25
6.824999999999999e-05 3.503928256048729e+25
6.85e-05 3.3495027740256353e+25
6.874999999999999e-05 3.2014124786627704e+25
6.9e-05 3.0594199338586525e+25
6.925e-05 2.9232955739769834e+25
6.95e-05 2.7928174882933604e+25
6.975e-05 2.667771209388315e+25
7e-05 2.5479495055022736e+25
7.025e-05 2.433152176862881e+25
7.049999999999999e-05 2.3231858559901668e+25
7.075e-05 2.217863811980376e+25
7.099999999999999e-05 2.1170057587647942e+25
7.125e-05 2.020437667335651e+25
7.15e-05 1.9279915819272004e+25
7.175e-05 1.8395054401362295e+25
7.2e-05 1.7548228969626777e+25
7.225e-05 1.673793152747637e+25
7.25e-05 1.5962707849828326e+25
7.274999999999999e-05 1.522115583962649e+25
7.3e-05 1.451192392246972e+25
7.324999999999999e-05 1.3833709479004755e+25
7.35e-05 1.318525731471524e+25
7.374999999999999e-05 1.2565358166715708e+25
7.4e-05 1.197284724713812e+25
7.425e-05 1.1406602822678784e+25
7.45e-05 1.086554482985564e+25
7.475e-05 1.0348633525508852e+25
7.5e-05 9.854868172062949e+24
7.525e-05 9.383285757054406e+24
7.549999999999999e-05 8.932959746416486e+24
7.575e-05 8.502998871001752e+24
7.599999999999999e-05 8.092545945812594e+24
7.625e-05 7.700776721401453e+24
7.65e-05 7.326898766894588e+24
7.675e-05 6.970150384086609e+24
7.7e-05 6.629799552047506e+24
7.725e-05 6.305142901679089e+24
7.75e-05 5.995504719654264e+24
7.774999999999999e-05 5.700235981169607e+24
7.8e-05 5.418713410939878e+24
7.824999999999999e-05 5.150338571861832e+24
7.85e-05 4.894536980774504e+24
7.874999999999999e-05 4.650757250743207e+24
7.9e-05 4.418470259295793e+24
7.925e-05 4.197168342041216e+24
7.95e-05 3.9863645111027495e+24
7.975e-05 3.7855916978011274e+24
7.999999999999999e-05 3.5944020190261954e+24
8.025e-05 3.4123660667395956e+24
8.049999999999999e-05 3.239072220055346e+24
8.075e-05 3.074125979350025e+24
8.099999999999999e-05 2.9171493218594187e+24
8.125e-05 2.767780078224156e+24
8.15e-05 2.6256713294527334e+24
8.175e-05 2.4904908237766466e+24
8.2e-05 2.3619204128788888e+24
8.225e-05 2.2396555069838817e+24
8.25e-05 2.1234045483040494e+24
8.274999999999999e-05 2.0128885023454753e+24
8.3e-05 1.90784036658263e+24
8.324999999999999e-05 1.8080046960198164e+24
8.35e-05 1.7131371451648195e+24
8.375e-05 1.6230040259482223e+24
8.4e-05 1.537381881129931e+24
8.425e-05 1.4560570727426595e+24
8.45e-05 1.3788253851303784e+24
8.475e-05 1.305491642148086e+24
8.499999999999999e-05 1.235869338097641e+24
8.525e-05 1.16978028198282e+24
8.549999999999999e-05 1.1070542546752189e+24
8.575e-05 1.047528678591052e+24
8.599999999999999e-05 9.910482994873632e+23
8.625e-05 9.37464879994593e+23
8.65e-05 8.866369045108354e+23
8.675e-05 8.3842929509149e+23
8.7e-05 7.92713137976324e+23
8.724999999999999e-05 7.493654204042019e+23
8.75e-05 7.082687773739361e+23
8.774999999999999e-05 6.693112480178065e+23
8.8e-05 6.323860412623257e+23
8.824999999999999e-05 5.9739131045875054e+23
8.85e-05 5.6422993667367195e+23
8.875e-05 5.3280932033773946e+23
8.9e-05 5.030411809581898e+23
8.925e-05 4.7484136460833866e+23
8.95e-05 4.481296589145788e+23
8.975e-05 4.228296152686589e+23
8.999999999999999e-05 3.988683780001489e+23
9.025e-05 3.7617652025096147e+23
9.049999999999999e-05 3.5468788630065285e+23
9.075e-05 3.343394400979151e+23
9.099999999999999e-05 3.150711197602312e+23
9.125e-05 2.968256978100669e+23
9.15e-05 2.7954864692223002e+23
9.175e-05 2.6318801096312683e+23
9.2e-05 2.4769428110859906e+23
9.224999999999999e-05 2.3302027683281e+23
9.25e-05 2.191210315662879e+23
9.274999999999999e-05 2.0595368282670627e+23
9.3e-05 1.9347736663129832e+23
9.324999999999999e-05 1.8165311600495453e+23
9.35e-05 1.7044376340304587e+23
9.375e-05 1.5981384687284543e+23
9.4e-05 1.4972951978208597e+23
9.425e-05 1.4015846394769725e+23
9.449999999999999e-05 1.3106980600210408e+23
9.475e-05 1.2243403683864453e+23
9.499999999999999e-05 1.142229339816792e+23
9.525e-05 1.0640948673081098e+23
9.549999999999999e-05 9.896782393232041e+22
9.575e-05 9.187314423444222e+22
9.6e-05 8.510164868646813e+22
9.625e-05 7.863047554485416e+22
9.65e-05 7.2437637152545006e+22
9.675e-05 6.650195876059579e+22
9.7e-05 6.080301916388051e+22
9.724999999999999e-05 5.532109302522153e+22
9.75e-05 5.0037094764659165e+22
9.774999999999999e-05 4.493252389280366e+22
9.8e-05 3.998941166927439e+22
9.824999999999999e-05 3.519026896913355e+22
9.85e-05 3.0518035241964143e+22
9.875e-05 2.5956028449824654e+22
9.9e-05 2.148789587173639e+22
9.925e-05 1.7097565663624058e+22
9.949999999999999e-05 1.2769199063735877e+22
9.975e-05 8.487143134516991e+21
9.999999999999999e-05 4.235883932699062e+21
