2.5e-07 6.496548673190349e+27
5e-07 6.495744992390675e+27
7.5e-07 6.494137929121254e+27
1e-06 6.491728079857345e+27
1.2499999999999999e-06 6.488516338850484e+27
1.5e-06 6.484503897575282e+27
1.75e-06 6.479692243992585e+27
2e-06 6.474083161629672e+27
2.25e-06 6.467678728478159e+27
2.4999999999999998e-06 6.460481315710687e+27
2.75e-06 6.452493586217445e+27
3e-06 6.443718492963824e+27
3.25e-06 6.434159277170582e+27
3.5e-06 6.423819466318117e+27
3.7499999999999997e-06 6.412702871976572e+27
4e-06 6.400813587463621e+27
4.25e-06 6.388155985331964e+27
4.5e-06 6.374734714688701e+27
4.749999999999999e-06 6.360554698348851e+27
4.9999999999999996e-06 6.345621129825503e+27
5.25e-06 6.329939470159137e+27
5.5e-06 6.313515444588855e+27
5.75e-06 6.296355039068314e+27
6e-06 6.278464496629424e+27
6.2499999999999995e-06 6.259850313596774e+27
6.5e-06 6.240519235656126e+27
6.75e-06 6.220478253780218e+27
7e-06 6.199734600015368e+27
7.25e-06 6.178295743132415e+27
7.499999999999999e-06 6.156169384145676e+27
7.75e-06 6.133363451703639e+27
8e-06 6.109886097355332e+27
8.249999999999999e-06 6.08574569069621e+27
8.5e-06 6.060950814397728e+27
8.75e-06 6.035510259124647e+27
9e-06 6.00943301834431e+27
9.25e-06 5.982728283032173e+27
9.499999999999999e-06 5.955405436277959e+27
9.75e-06 5.927474047796863e+27
9.999999999999999e-06 5.898943868350265e+27
1.025e-05 5.869824824080554e+27
1.05e-05 5.840127010764617e+27
1.0749999999999999e-05 5.809860687990662e+27
1.1e-05 5.779036273263082e+27
1.1249999999999999e-05 5.747664336040045e+27
1.15e-05 5.715755591708631e+27
1.175e-05 5.683320895502276e+27
1.2e-05 5.650371236365348e+27
1.225e-05 5.616917730769709e+27
1.2499999999999999e-05 5.582971616488077e+27
1.275e-05 5.548544246329094e+27
1.3e-05 5.51364708183894e+27
1.325e-05 5.478291686974368e+27
1.35e-05 5.442489721752004e+27
1.3749999999999999e-05 5.406252935878788e+27
1.4e-05 5.369593162368384e+27
1.4249999999999999e-05 5.332522311148352e+27
1.45e-05 5.295052362662906e+27
1.475e-05 5.257195361476041e+27
1.4999999999999999e-05 5.218963409879671e+27
1.525e-05 5.180368661511583e+27
1.55e-05 5.141423314987789e+27
1.575e-05 5.102139607553907e+27
1.6e-05 5.062529808760126e+27
1.625e-05 5.022606214164257e+27
1.6499999999999998e-05 4.982381139067288e+27
1.675e-05 4.94186691228588e+27
1.7e-05 4.9010758699660594e+27
1.725e-05 4.8600203494423977e+27
1.75e-05 4.818712683146813e+27
1.7749999999999998e-05 4.777165192571125e+27
1.8e-05 4.7353901822873284e+27
1.825e-05 4.6933999340295746e+27
1.85e-05 4.651206700841652e+27
1.875e-05 4.6088227012937586e+27
1.8999999999999998e-05 4.5662601137721875e+27
1.925e-05 4.523531070845536e+27
1.95e-05 4.480647653710856e+27
1.975e-05 4.437621886723153e+27
1.9999999999999998e-05 4.394465732011472e+27
2.0249999999999998e-05 4.351191084184738e+27
2.05e-05 4.3078097651303877e+27
2.075e-05 4.264333518908754e+27
2.1e-05 4.220774006746007e+27
2.1249999999999998e-05 4.177142802128387e+27
2.1499999999999997e-05 4.133451386000319e+27
2.175e-05 4.08971114206889e+27
2.2e-05 4.0459333522170833e+27
2.225e-05 4.002129192027973e+27
2.2499999999999998e-05 3.9583097264220593e+27
2.2749999999999997e-05 3.9144859054097087e+27
2.3e-05 3.8706685599606236e+27
2.325e-05 3.8268683979920845e+27
2.35e-05 3.7830960004776304e+27
2.3749999999999998e-05 3.7393618176776724e+27
2.4e-05 3.6956761654934777e+27
2.425e-05 3.652049221945779e+27
2.45e-05 3.608491023779157e+27
2.475e-05 3.5650114631932715e+27
2.4999999999999998e-05 3.521620284701803e+27
2.525e-05 3.4783270821199433e+27
2.55e-05 3.435141295681076e+27
2.575e-05 3.392072209283218e+27
2.6e-05 3.349128947865638e+27
2.6249999999999998e-05 3.3063204749160045e+27
2.65e-05 3.2636555901082143e+27
2.675e-05 3.221142927071034e+27
2.7e-05 3.1787909512874954e+27
2.7249999999999998e-05 3.136607958124919e+27
2.7499999999999998e-05 3.094602070995315e+27
2.775e-05 3.0527812396457873e+27
2.8e-05 3.011153238578503e+27
2.825e-05 2.969725665599617e+27
2.8499999999999998e-05 2.928505940496514e+27
2.8749999999999997e-05 2.887501303842559e+27
2.9e-05 2.8467188159285104e+27
2.925e-05 2.8061653558195965e+27
2.95e-05 2.765847620537203e+27
2.9749999999999998e-05 2.7257721243640135e+27
2.9999999999999997e-05 2.6859451982713505e+27
3.025e-05 2.6463729894673714e+27
3.05e-05 2.6070614610647205e+27
3.0749999999999995e-05 2.5680163918661106e+27
3.1e-05 2.5292433762662724e+27
3.125e-05 2.490747824268593e+27
3.15e-05 2.4525349616147307e+27
3.175e-05 2.414609830025389e+27
3.2e-05 2.3769772875503866e+27
3.225e-05 2.3396420090260736e+27
3.25e-05 2.3026084866381155e+27
3.2749999999999996e-05 2.2658810305875582e+27
3.2999999999999996e-05 2.2294637698580882e+27
3.325e-05 2.1933606530822964e+27
3.35e-05 2.157575449504735e+27
3.375e-05 2.1221117500395031e+27
3.4e-05 2.0869729684200402e+27
3.425e-05 2.0521623424387874e+27
3.45e-05 2.017682935274307e+27
3.475e-05 1.9835376369034518e+27
3.5e-05 1.9497291655961083e+27
3.5249999999999996e-05 1.916260069490036e+27
3.5499999999999996e-05 1.8831327282432727e+27
3.575e-05 1.850349354761582e+27
3.6e-05 1.817911996998368e+27
3.625e-05 1.7858225398244836e+27
3.65e-05 1.754082706965336e+27
3.675e-05 1.7226940630026885e+27
3.7e-05 1.691658015438527e+27
3.725e-05 1.660975816818388e+27
3.75e-05 1.6306485669115063e+27
3.7749999999999996e-05 1.600677214945153e+27
3.7999999999999995e-05 1.5710625618905482e+27
3.825e-05 1.541805262797707e+27
3.85e-05 1.5129058291766176e+27
3.875e-05 1.4843646314221298e+27
3.9e-05 1.456181901279955e+27
3.925e-05 1.428357734351203e+27
3.95e-05 1.400892092632876e+27
3.975e-05 1.3737848070917754e+27
3.9999999999999996e-05 1.3470355802692782e+27
4.0249999999999996e-05 1.3206439889144868e+27
4.0499999999999995e-05 1.2946094866432598e+27
4.075e-05 1.2689314066206647e+27
4.1e-05 1.2436089642644249e+27
4.125e-05 1.2186412599669481e+27
4.15e-05 1.1940272818335854e+27
4.175e-05 1.1697659084347668e+27
4.2e-05 1.1458559115697223e+27
4.225e-05 1.1222959590395152e+27
4.2499999999999996e-05 1.0990846174271731e+27
4.2749999999999996e-05 1.0762203548827118e+27
4.2999999999999995e-05 1.0537015439109204e+27
4.325e-05 1.0315264641597947e+27
4.35e-05 1.0096933052075574e+27
4.375e-05 9.882001693462513e+26
4.4e-05 9.670450743599285e+26
4.425e-05 9.462259562955147e+26
4.45e-05 9.257406722244651e+26
4.475e-05 9.055870029933845e+26
4.4999999999999996e-05 8.857626559618294e+26
4.5249999999999995e-05 8.662652677255594e+26
4.5499999999999995e-05 8.47092406823554e+26
4.575e-05 8.282415764271682e+26
4.6e-05 8.097102170098416e+26
4.625e-05 7.914957089958348e+26
4.65e-05 7.735953753865148e+26
4.675e-05 7.560064843627687e+26
4.7e-05 7.38726251862168e+26
4.7249999999999997e-05 7.217518441295697e+26
4.7499999999999996e-05 7.050803802398838e+26
4.7749999999999995e-05 6.887089345917928e+26
4.8e-05 6.726345393712654e+26
4.825e-05 6.568541869837546e+26
4.85e-05 6.413648324540214e+26
4.875e-05 6.261633957925827e+26
4.9e-05 6.112467643278336e+26
4.925e-05 5.9661179500294034e+26
4.95e-05 5.8225531663665795e+26
4.9749999999999996e-05 5.681741321472743e+26
4.9999999999999996e-05 5.54365020738936e+26
5.0249999999999995e-05 5.408247400496551e+26
5.05e-05 5.275500282603557e+26
5.075e-05 5.145376061643559e+26
5.1e-05 5.017841791967423e+26
5.125e-05 4.892864394231301e+26
5.15e-05 4.770410674873558e+26
5.175e-05 4.650447345176972e+26
5.2e-05 4.532941039912529e+26
5.2249999999999996e-05 4.417858335561677e+26
5.2499999999999995e-05 4.305165768114286e+26
5.2749999999999995e-05 4.194829850440008e+26
5.3e-05 4.086817089231156e+26
5.325e-05 3.981094001515636e+26
5.35e-05 3.8776271307388746e+26
5.375e-05 3.7763830624140595e+26
5.4e-05 3.677328439340422e+26
5.425e-05 3.5804299763896696e+26
5.4499999999999997e-05 3.4856544748609953e+26
5.4749999999999996e-05 3.392968836405529e+26
5.4999999999999995e-05 3.302340076521351e+26
5.5249999999999994e-05 3.213735337620599e+26
5.55e-05 3.1271219016704905e+26
5.575e-05 3.0424672024103765e+26
5.6e-05 2.959738837147322e+26
5.625e-05 2.878904578132902e+26
5.65e-05 2.7999323835242703e+26
5.675e-05 2.7227904079327904e+26
5.6999999999999996e-05 2.6474470125637798e+26
5.7249999999999996e-05 2.5738707749511895e+26
5.7499999999999995e-05 2.5020304982912618e+26
5.7749999999999994e-05 2.4318952203794507e+26
5.8e-05 2.3634342221551117e+26
5.825e-05 2.2966170358586573e+26
5.85e-05 2.231413452806113e+26
5.875e-05 2.1677935307861416e+26
5.9e-05 2.1057276010848343e+26
5.925e-05 2.0451862751437016e+26
5.9499999999999996e-05 1.9861404508564744e+26
5.9749999999999995e-05 1.9285613185104506e+26
5.9999999999999995e-05 1.8724203663782953e+26
6.0249999999999994e-05 1.817689385966286e+26
6.05e-05 1.76434047692516e+26
6.075e-05 1.712346051629794e+26
6.1e-05 1.6616788394340662e+26
6.125e-05 1.612311890607328e+26
6.149999999999999e-05 1.564218579959011e+26
6.175e-05 1.5173726101579571e+26
6.2e-05 1.4717480147531165e+26
6.225e-05 1.4273191609023365e+26
6.25e-05 1.3840607518159937e+26
6.275e-05 1.341947828922265e+26
6.3e-05 1.3009557737608705e+26
6.324999999999999e-05 1.2610603096121484e+26
6.35e-05 1.2222375028683193e+26
6.374999999999999e-05 1.1844637641538367e+26
6.4e-05 1.1477158492016944e+26
6.425e-05 1.1119708594925821e+26
6.45e-05 1.0772062426637512e+26
6.475e-05 1.0433997926944427e+26
6.5e-05 1.010529649874713e+26
6.525e-05 9.785743005644503e+25
6.549999999999999e-05 9.475125767493523e+25
6.575e-05 9.173236554005818e+25
6.599999999999999e-05 8.879870576447946e+25
6.625e-05 8.594826477511512e+25
6.65e-05 8.317906319418934e+25
6.675e-05 8.048915570330013e+25
6.7e-05 7.787663089113737e+25
6.725e-05 7.5339611085491365e+25
6.75e-05 7.287625217018233e+25
6.775e-05 7.048474338753422e+25
6.8e-05 6.816330712700755e+25
6.824999999999999e-05 6.591019870059768e+25
6.85e-05 6.3723706105597045e+25
6.874999999999999e-05 6.160214977530964e+25
6.9e-05 5.954388231829788e+25
6.925e-05 5.754728824673178e+25
6.95e-05 5.56107836944011e+25
6.975e-05 5.373281612494071e+25
7e-05 5.191186403080939e+25
7.025e-05 5.0146436623552185e+25
7.049999999999999e-05 4.843507351586541e+25
7.075e-05 4.677634439597342e+25
7.099999999999999e-05 4.516884869481402e+25
7.125e-05 4.361121524652079e+25
7.15e-05 4.2102101942676885e+25
7.175e-05 4.064019538080584e+25
7.2e-05 3.922421050755263e+25
7.225e-05 3.7852890256997047e+25
7.25e-05 3.6525005184530734e+25
7.274999999999999e-05 3.523935309671722e+25
7.3e-05 3.3994758677543324e+25
7.324999999999999e-05 3.2790073111458645e+25
7.35e-05 3.1624173703588953e+25
7.374999999999999e-05 3.0495963497497615e+25
7.4e-05 2.9404370890857824e+25
7.425e-05 2.8348349249387596e+25
7.45e-05 2.732687651938784e+25
7.475e-05 2.63389548392128e+25
7.5e-05 2.538361014999135e+25
7.525e-05 2.445989180590627e+25
7.549999999999999e-05 2.356687218432801e+25
7.575e-05 2.2703646296088566e+25
7.599999999999999e-05 2.186933139617043e+25
7.625e-05 2.1063066595074904e+25
7.65e-05 2.0284012471123826e+25
7.675e-05 1.953135068393837e+25
7.7e-05 1.8804283589328073e+25
7.725e-05 1.8102033855814e+25
7.75e-05 1.7423844082999002e+25
7.774999999999999e-05 1.6768976421989244e+25
7.8e-05 1.6136712198060938e+25
7.824999999999999e-05 1.552635153575717e+25
7.85e-05 1.4937212986590228e+25
7.874999999999999e-05 1.4368633159515868e+25
7.9e-05 1.3819966354336934e+25
7.925e-05 1.3290584198185084e+25
7.95e-05 1.2779875285220735e+25
7.975e-05 1.2287244819682971e+25
7.999999999999999e-05 1.1812114262412913e+25
8.025e-05 1.135392098096609e+25
8.049999999999999e-05 1.0912117903421372e+25
8.075e-05 1.048617317598648e+25
8.099999999999999e-05 1.0075569824492485e+25
8.125e-05 9.679805419862525e+24
8.15e-05 9.298391747632844e+24
8.175e-05 8.930854481597138e+24
8.2e-05 8.576732861638761e+24
8.225e-05 8.235579375808539e+24
8.25e-05 7.906959446699648e+24
8.274999999999999e-05 7.590451122164852e+24
8.3e-05 7.285644770415343e+24
8.324999999999999e-05 6.992142779534604e+24
8.35e-05 6.709559261435065e+24
8.375e-05 6.437519760279865e+24
8.4e-05 6.175660965386728e+24
8.425e-05 5.923630428625791e+24
8.45e-05 5.68108628631837e+24
8.475e-05 5.447696985638758e+24
8.499999999999999e-05 5.223141015516576e+24
8.525e-05 5.007106642032795e+24
8.549999999999999e-05 4.799291648298125e+24
8.575e-05 4.5994030787985047e+24
8.599999999999999e-05 4.407156988188271e+24
8.625e-05 4.222278194507897e+24
8.65e-05 4.0445000367994646e+24
8.675e-05 3.873564137089471e+24
8.7e-05 3.7092201667052555e+24
8.724999999999999e-05 3.551225616888025e+24
8.75e-05 3.3993455736624e+24
8.774999999999999e-05 3.253352496919395e+24
8.8e-05 3.1130260036669034e+24
8.824999999999999e-05 2.978152655399073e+24
8.85e-05 2.8485257495333417e+24
8.875e-05 2.72394511486142e+24
8.9e-05 2.6042169109581864e+24
8.925e-05 2.4891534314901907e+24
8.95e-05 2.3785729113633406e+24
8.975e-05 2.2722993376473247e+24
8.999999999999999e-05 2.1701622642123893e+24
9.025e-05 2.0719966300122844e+24
9.049999999999999e-05 1.9776425809454507e+24
9.075e-05 1.8869452952248975e+24
9.099999999999999e-05 1.799754812185666e+24
9.125e-05 1.7159258644573362e+24
9.15e-05 1.6353177134276317e+24
9.175e-05 1.5577939879219147e+24
9.2e-05 1.483222526022116e+24
9.224999999999999e-05 1.4114752199475228e+24
9.25e-05 1.3424278639187538e+24
9.274999999999999e-05 1.275960004925264e+24
9.3e-05 1.211954796315763e+24
9.324999999999999e-05 1.1502988541300483e+24
9.35e-05 1.0908821160899455e+24
9.375e-05 1.033597703166266e+24
9.4e-05 9.783417836379874e+23
9.425e-05 9.250134395591861e+23
9.449999999999999e-05 8.73514535548647e+23
9.475e-05 8.237495898164957e+23
9.499999999999999e-05 7.756256473416688e+23
9.525e-05 7.290521551135512e+23
9.549999999999999e-05 6.839408393506591e+23
9.575e-05 6.402055846088315e+23
9.6e-05 5.977623146910048e+23
9.625e-05 5.5652887527030564e+23
9.65e-05 5.164249181378701e+23
9.675e-05 4.773717869865065e+23
9.7e-05 4.392924046410509e+23
9.724999999999999e-05 4.021111616460273e+23
9.75e-05 3.657538061209992e+23
9.774999999999999e-05 3.301473347938061e+23
9.8e-05 2.9521988512169825e+23
9.824999999999999e-05 2.6090062841022412e+23
9.85e-05 2.2711966383958602e+23
9.875e-05 1.938079133080495e+23
9.9e-05 1.608970170018865e+23
9.925e-05 1.2831922960123393e+23
9.949999999999999e-05 9.600731703117077e+22
9.975e-05 6.389445366724385e+22
9.999999999999999e-05 3.191411990462067e+22
