2.5e-07 4.6652770815174185e+28
5e-07 4.609868869054364e+28
7.5e-07 4.520521293412038e+28
1e-06 4.417164764586451e+28
1.2499999999999999e-06 4.3097602120826745e+28
1.5e-06 4.201766986612868e+28
1.75e-06 4.094147243850441e+28
2e-06 3.987166591146492e+28
2.25e-06 3.8809354958379934e+28
2.4999999999999998e-06 3.775534356822535e+28
2.75e-06 3.671037183063219e+28
3e-06 3.5675153363405923e+28
3.25e-06 3.465037949083106e+28
3.5e-06 3.3636718610636983e+28
3.7499999999999997e-06 3.2634814998809003e+28
4e-06 3.164528762356085e+28
4.25e-06 3.0668729041218985e+28
4.5e-06 2.9705704384937537e+28
4.749999999999999e-06 2.8756750449710475e+28
4.9999999999999996e-06 2.782237487593135e+28
5.25e-06 2.690305543319763e+28
5.5e-06 2.5999239405569495e+28
5.75e-06 2.5111343079013125e+28
6e-06 2.423975133128234e+28
6.2499999999999995e-06 2.3384817324023554e+28
6.5e-06 2.2546862296428796e+28
6.75e-06 2.1726175459313474e+28
7e-06 2.0923013988061848e+28
7.25e-06 2.0137603112465727e+28
7.499999999999999e-06 1.9370136301084207e+28
7.75e-06 1.8620775537374359e+28
8e-06 1.7889651684488496e+28
8.249999999999999e-06 1.7176864935303413e+28
8.5e-06 1.6482485343942222e+28
8.75e-06 1.5806553434772426e+28
9e-06 1.514908088461405e+28
9.25e-06 1.4510051273671484e+28
9.499999999999999e-06 1.3889420900511297e+28
9.75e-06 1.3287119656247066e+28
9.999999999999999e-06 1.270305195296096e+28
1.025e-05 1.2137097701290141e+28
1.05e-05 1.1589113332034458e+28
1.0749999999999999e-05 1.1058932856599028e+28
1.1e-05 1.0546368961071547e+28
1.1249999999999999e-05 1.005121412874757e+28
1.15e-05 9.573241785957789e+27
1.175e-05 9.112207466117458e+27
1.2e-05 8.667849987008759e+27
1.225e-05 8.239892636420653e+27
1.2499999999999999e-05 7.82804436140614e+27
1.275e-05 7.432000956572084e+27
1.3e-05 7.051446246990417e+27
1.325e-05 6.686053261510011e+27
1.35e-05 6.335485392453458e+27
1.3749999999999999e-05 5.999397537901385e+27
1.4e-05 5.677437222996421e+27
1.4249999999999999e-05 5.369245696937766e+27
1.45e-05 5.074459002583958e+27
1.475e-05 4.792709015833782e+27
1.4999999999999999e-05 4.523624452211635e+27
1.525e-05 4.266831838342674e+27
1.55e-05 4.0219564462623854e+27
1.575e-05 3.7886231887641247e+27
1.6e-05 3.56645747424437e+27
1.625e-05 3.3550860197580516e+27
1.6499999999999998e-05 3.1541376212437415e+27
1.675e-05 2.963243880119576e+27
1.7e-05 2.7820398856844525e+27
1.725e-05 2.6101648529841054e+27
1.75e-05 2.4472627160174246e+27
1.7749999999999998e-05 2.292982676363802e+27
1.8e-05 2.146979707506868e+27
1.825e-05 2.0089150153129568e+27
1.85e-05 1.8784564552936537e+27
1.875e-05 1.7552789074403809e+27
1.8999999999999998e-05 1.6390646095649118e+27
1.925e-05 1.5295034502128153e+27
1.95e-05 1.4262932223369855e+27
1.975e-05 1.3291398390256842e+27
1.9999999999999998e-05 1.2377575126739596e+27
2.0249999999999998e-05 1.1518688990690952e+27
2.05e-05 1.071205207930152e+27
2.075e-05 9.955062814989728e+26
2.1e-05 9.245206428256604e+26
2.1249999999999998e-05 8.580055154258896e+26
2.1499999999999997e-05 7.95726816010996e+26
2.175e-05 7.374591220051032e+26
2.2e-05 6.829856155671802e+26
2.225e-05 6.320980058304414e+26
2.2499999999999998e-05 5.845964310575248e+26
2.2749999999999997e-05 5.402893423880558e+26
2.3e-05 4.989933708261415e+26
2.325e-05 4.605331790797138e+26
2.35e-05 4.2474129982208387e+26
2.3749999999999998e-05 3.914579618992266e+26
2.4e-05 3.6053090595483564e+26
2.425e-05 3.318151908896712e+26
2.45e-05 3.051729925128031e+26
2.475e-05 2.8047339568058363e+26
2.4999999999999998e-05 2.5759218115516367e+26
2.525e-05 2.3641160834860572e+26
2.55e-05 2.16820195051673e+26
2.575e-05 1.9871249517866755e+26
2.6e-05 1.8198887549169164e+26
2.6249999999999998e-05 1.6655529219985633e+26
2.65e-05 1.5232306826162407e+26
2.675e-05 1.3920867215202176e+26
2.7e-05 1.2713349879120902e+26
2.7249999999999998e-05 1.160236532671274e+26
2.7499999999999998e-05 1.0580973792294392e+26
2.775e-05 9.642664331996631e+25
2.8e-05 8.78133435288387e+25
2.825e-05 7.991269614629193e+25
2.8499999999999998e-05 7.267124738165914e+25
2.8749999999999997e-05 6.60390425068816e+25
2.9e-05 5.996944191590739e+25
2.925e-05 5.441894299428443e+25
2.95e-05 4.934700795740473e+25
2.9749999999999998e-05 4.4715897776284415e+25
2.9999999999999997e-05 4.0490512272960075e+25
3.025e-05 3.66382364335215e+25
3.05e-05 3.3128792955449182e+25
3.0749999999999995e-05 2.9934101017225136e+25
3.1e-05 2.7028141232075867e+25
3.125e-05 2.4386826724106743e+25
3.15e-05 2.1987880243913066e+25
3.175e-05 1.981071722191003e+25
3.2e-05 1.783633464100879e+25
3.225e-05 1.604720559577477e+25
3.25e-05 1.4427179392723575e+25
3.2749999999999996e-05 1.2961387035828274e+25
3.2999999999999996e-05 1.1636151932511964e+25
3.325e-05 1.0438905648266013e+25
3.35e-05 9.358108532450531e+24
3.375e-05 8.383175033684284e+24
3.4e-05 7.504403520402801e+24
3.425e-05 6.712910420544086e+24
3.45e-05 6.000568493803421e+24
3.475e-05 5.359949050376537e+24
3.5e-05 4.784267931483471e+24
3.5249999999999996e-05 4.2673350691361304e+24
3.5499999999999996e-05 3.803507445489005e+24
3.575e-05 3.38764527560664e+24
3.6e-05 3.015071241510419e+24
3.625e-05 2.6815326098532003e+24
3.65e-05 2.3831660704403333e+24
3.675e-05 2.1164651380016954e+24
3.7e-05 1.8782499650588833e+24
3.725e-05 1.6656394193663918e+24
3.75e-05 1.4760252851826825e+24
3.7749999999999996e-05 1.3070484534978345e+24
3.7999999999999995e-05 1.1565769722652833e+24
3.825e-05 1.0226858336164401e+24
3.85e-05 9.03638380943492e+23
3.875e-05 7.978692245861458e+23
3.9e-05 7.039685606249398e+23
3.925e-05 6.206677929431392e+23
3.95e-05 5.468263642505063e+23
3.975e-05 4.814197071479747e+23
3.9999999999999996e-05 4.235282315378286e+23
4.0249999999999996e-05 3.723272697375671e+23
4.0499999999999995e-05 3.270779055277181e+23
4.075e-05 2.871186180473141e+23
4.1e-05 2.5185767594038762e+23
4.125e-05 2.2076622144937914e+23
4.15e-05 1.9337198824514253e+23
4.175e-05 1.6925360067809208e+23
4.2e-05 1.4803540583209122e+23
4.225e-05 1.2938279326420656e+23
4.2499999999999996e-05 1.1299796062269e+23
4.2749999999999996e-05 9.861608645661758e+22
4.2999999999999995e-05 8.600187446832203e+22
4.325e-05 7.494643621952616e+22
4.35e-05 6.526448188982053e+22
4.375e-05 5.679179110811454e+22
4.4e-05 4.9382938140509316e+22
4.425e-05 4.290924782847833e+22
4.45e-05 3.725696063622417e+22
4.475e-05 3.232558699259896e+22
4.4999999999999996e-05 2.8026432808035637e+22
4.5249999999999995e-05 2.4281279617499585e+22
4.5499999999999995e-05 2.1021204253413787e+22
4.575e-05 1.8185524294589054e+22
4.6e-05 1.5720856775003698e+22
4.625e-05 1.358027877624025e+22
4.65e-05 1.1722579575712753e+22
4.675e-05 1.0111594985496496e+22
4.7e-05 8.71561539935738e+21
4.7249999999999997e-05 7.506859873978372e+21
4.7499999999999996e-05 6.461009309652624e+21
4.7749999999999995e-05 5.556792470856617e+21
4.8e-05 4.775619202874361e+21
4.825e-05 4.101255761501306e+21
4.85e-05 3.519537683045508e+21
4.875e-05 3.018116085345965e+21
4.9e-05 2.5862337110816095e+21
4.925e-05 2.2145274057500289e+21
4.95e-05 1.894854067623821e+21
4.9749999999999996e-05 1.620137418794787e+21
4.9999999999999996e-05 1.384233227930104e+21
5.0249999999999995e-05 1.1818108692258706e+21
5.05e-05 1.0082493306945199e+21
5.075e-05 8.595459906231655e+20
5.1e-05 7.322366658761901e+20
5.125e-05 6.233256016100709e+20
5.15e-05 5.302242206905997e+20
5.175e-05 4.506975842769838e+20
5.2e-05 3.828176341535124e+20
5.2249999999999996e-05 3.249223938111686e+20
5.2499999999999995e-05 2.7558040025498324e+20
5.2749999999999995e-05 2.3355972317518656e+20
5.3e-05 1.9780100350725793e+20
5.325e-05 1.6739401046018022e+20
5.35e-05 1.4155727566944456e+20
5.375e-05 1.196204160079092e+20
5.4e-05 1.0100880346645606e+20
5.425e-05 8.523028203324075e+19
5.4499999999999997e-05 7.186366822926685e+19
5.4749999999999996e-05 6.054880441672661e+19
5.4999999999999995e-05 5.097796265124019e+19
5.5249999999999994e-05 4.288842211905046e+19
5.55e-05 3.6056065461941383e+19
5.575e-05 3.0289858883867742e+19
5.6e-05 2.5427098156538196e+19
5.625e-05 2.132931776711046e+19
5.65e-05 1.7878773721530552e+19
5.675e-05 1.497542214763053e+19
5.6999999999999996e-05 1.253432602516802e+19
5.7249999999999996e-05 1.0483431276688398e+19
5.7499999999999995e-05 8.761661235558211e+18
5.7749999999999994e-05 7.317285300844313e+18
5.8e-05 6.106523512695617e+18
5.825e-05 5.092353942636422e+18
5.85e-05 4.2434942845812326e+18
5.875e-05 3.5335329373884995e+18
5.9e-05 2.9401882616059725e+18
5.925e-05 2.4446776362750423e+18
5.9499999999999996e-05 2.0311804930995328e+18
5.9749999999999995e-05 1.686381714944322e+18
5.9999999999999995e-05 1.3990836974387581e+18
6.0249999999999994e-05 1.159877024969387e+18
6.05e-05 9.608611393496142e+17
6.075e-05 7.954076105407587e+17
6.1e-05 6.579596798510463e+17
6.125e-05 5.438626596686946e+17
6.149999999999999e-05 4.492205597269914e+17
6.175e-05 3.7077498535753e+17
6.2e-05 3.058029331447575e+17
6.225e-05 2.5203060688391875e+17
6.25e-05 2.075608030907554e+17
6.275e-05 1.708117803460104e+17
6.3e-05 1.4046583900565157e+17
6.324999999999999e-05 1.1542610465303325e+17
6.35e-05 9.478023650161682e+16
6.374999999999999e-05 7.776997629956675e+16
6.4e-05 6.376561890985676e+16
6.425e-05 5.2244626755487064e+16
6.45e-05 4.277373027420289e+16
6.475e-05 3.4993958472503264e+16
6.5e-05 2.86081302291584e+16
6.525e-05 2.3370410428497624e+16
6.549999999999999e-05 1.9077597238301736e+16
6.575e-05 1.5561859545122198e+16
6.599999999999999e-05 1.2684688142064676e+16
6.625e-05 1.0331861946199216e+16
6.65e-05 8409262343925291.0
6.675e-05 6839395610165127.0
6.7e-05 5558505978150571.0
6.725e-05 4514180995921224.0
6.75e-05 3663366842712852.5
6.775e-05 2970724760353986.5
6.8e-05 2407271078573672.5
6.824999999999999e-05 1949252815741845.0
6.85e-05 1577218803808044.8
6.874999999999999e-05 1275252960213786.5
6.9e-05 1030341915285983.2
6.925e-05 831853874390425.8
6.95e-05 671109496356575.0
6.975e-05 541028826958247.06
7e-05 435841042752691.4
7.025e-05 350846024124150.75
7.049999999999999e-05 282218660824104.44
7.075e-05 226848360765078.34
7.099999999999999e-05 182207535486577.7
7.125e-05 146243917359600.3
7.15e-05 117292460944874.8
7.175e-05 94003324723364.23
7.2e-05 75283045412726.06
7.225e-05 60246526788780.484
7.25e-05 48177886321267.96
7.274999999999999e-05 38498551008806.97
7.3e-05 30741281065955.99
7.324999999999999e-05 24529036993897.164
7.35e-05 19557800725898.855
7.374999999999999e-05 15582622188526.783
7.4e-05 12406294748231.432
7.425e-05 9870171590712.6
7.45e-05 7846724228632.45
7.475e-05 6233517466024.249
7.5e-05 4948335090992.803
7.525e-05 3925239658817.513
7.549999999999999e-05 3111389895963.3926
7.575e-05 2464472095373.225
7.599999999999999e-05 1950628698977.2307
7.625e-05 1542789157465.492
7.65e-05 1219326011434.333
7.675e-05 962973685200.4486
7.7e-05 759959327337.731
7.725e-05 599304664953.5729
7.75e-05 472265667606.30054
7.774999999999999e-05 371883174078.87866
7.8e-05 292622793224.84357
7.824999999999999e-05 230086571521.31345
7.85e-05 180782306852.02835
7.874999999999999e-05 141939129070.50357
7.9e-05 111360184361.7366
7.925e-05 87305051215.86015
7.95e-05 68395961488.90966
7.975e-05 53543066095.40927
7.999999999999999e-05 41884924642.96807
8.025e-05 32741155068.70982
8.049999999999999e-05 25574788205.153324
8.075e-05 19962361680.083286
8.099999999999999e-05 15570180724.838125
8.125e-05 12135489014.90485
8.15e-05 9451545709.625818
8.175e-05 7355807607.799849
8.2e-05 5720577654.3399
8.225e-05 4445610875.147662
8.25e-05 3452272594.9676156
8.274999999999999e-05 2678926669.859886
8.3e-05 2077297596.8805363
8.324999999999999e-05 1609603088.743897
8.35e-05 1246295703.6112843
8.375e-05 964285552.9016547
8.4e-05 745542699.7180189
8.425e-05 575998990.4108212
8.45e-05 444685839.2597813
8.475e-05 343057796.87848514
8.499999999999999e-05 264462284.4602526
8.525e-05 203724233.47203365
8.549999999999999e-05 156820984.66878915
8.575e-05 120628030.67416407
8.599999999999999e-05 92720319.0290573
8.625e-05 71217095.26787354
8.65e-05 54660839.29461788
8.675e-05 41922876.92359289
8.7e-05 32129846.079977438
8.724999999999999e-05 24606454.35690554
8.75e-05 18830953.134576753
8.774999999999999e-05 14400530.078567471
8.8e-05 11004431.476733346
8.824999999999999e-05 8403104.057274677
8.85e-05 6412020.698064679
8.875e-05 4889147.917189616
8.9e-05 3725242.6725507397
8.925e-05 2836345.537076506
8.95e-05 2157977.572293493
8.975e-05 1640657.703265816
8.999999999999999e-05 1246442.7864569826
9.025e-05 946259.1068004906
9.049999999999999e-05 717845.8579867446
9.075e-05 544171.477488242
9.099999999999999e-05 412215.0522665772
9.125e-05 312029.35993476
9.15e-05 236021.00952647874
9.175e-05 178397.80382300803
9.2e-05 134744.80424072308
9.224999999999999e-05 101699.37492858527
9.25e-05 76702.28800505878
9.274999999999999e-05 57807.232970134
9.3e-05 43535.13739833244
9.324999999999999e-05 32762.84290386133
9.35e-05 24638.099668505743
9.375e-05 18514.707202633588
9.4e-05 13903.064608755547
9.425e-05 10432.498169153667
9.449999999999999e-05 7822.583247237969
9.475e-05 5861.329805066766
9.499999999999999e-05 4388.601534140168
9.525e-05 3283.5226088833265
9.549999999999999e-05 2454.9203602349303
9.575e-05 1834.077515579916
9.6e-05 1369.2400735388148
9.625e-05 1021.4587037288188
9.65e-05 761.4422627693124
9.675e-05 567.1788841005346
9.7e-05 422.13872502006234
9.724999999999999e-05 313.91713196183457
9.75e-05 233.21100487382947
9.774999999999999e-05 173.04702387926966
9.8e-05 128.20007492701282
9.824999999999999e-05 94.75515043350518
9.85e-05 69.77733221869363
9.875e-05 51.06304647366887
9.9e-05 36.952268466928814
9.925e-05 26.18624564575156
9.949999999999999e-05 17.798978746997477
9.975e-05 11.033435951744174
9.999999999999999e-05 5.275488002720438
