2.5e-07 4.800753611369661e+28
5e-07 4.761400361794568e+28
7.5e-07 4.697886877746653e+28
1e-06 4.624307570322534e+28
1.2499999999999999e-06 4.547691461506375e+28
1.5e-06 4.470461455944561e+28
1.75e-06 4.393271886927016e+28
2e-06 4.316284350598192e+28
2.25e-06 4.239551356515161e+28
2.4999999999999998e-06 4.163105017233355e+28
2.75e-06 4.086973903597262e+28
3e-06 4.011185772881441e+28
3.25e-06 3.935767936958632e+28
3.5e-06 3.8607472847832636e+28
3.7499999999999997e-06 3.7861502599446445e+28
4e-06 3.712002833529352e+28
4.25e-06 3.6383304772428655e+28
4.5e-06 3.565158137390234e+28
4.749999999999999e-06 3.492510209818167e+28
4.9999999999999996e-06 3.4204105158657756e+28
5.25e-06 3.3488822793633195e+28
5.5e-06 3.2779481047150745e+28
5.75e-06 3.207629956099731e+28
6e-06 3.137949137818825e+28
6.2499999999999995e-06 3.0689262758208697e+28
6.5e-06 3.0005813004259353e+28
6.75e-06 2.9329334302724336e+28
7e-06 2.8660011575048677e+28
7.25e-06 2.799802234218332e+28
7.499999999999999e-06 2.7343536601724465e+28
7.75e-06 2.6696716717844505e+28
8e-06 2.6057717324081045e+28
8.249999999999999e-06 2.54266852390206e+28
8.5e-06 2.480375939488379e+28
8.75e-06 2.4189070778989143e+28
9e-06 2.3582742388043706e+28
9.25e-06 2.2984889195180107e+28
9.499999999999999e-06 2.2395618129631533e+28
9.75e-06 2.181502806890897e+28
9.999999999999999e-06 2.1243209843318345e+28
1.025e-05 2.0680246252629447e+28
1.05e-05 2.0126212094683708e+28
1.0749999999999999e-05 1.9581174205703744e+28
1.1e-05 1.9045191512044807e+28
1.1249999999999999e-05 1.8518315093106262e+28
1.15e-05 1.8000588255100375e+28
1.175e-05 1.7492046615356101e+28
1.2e-05 1.699271819681706e+28
1.225e-05 1.6502623532375473e+28
1.2499999999999999e-05 1.6021775778668101e+28
1.275e-05 1.5550180838945207e+28
1.3e-05 1.50878374946104e+28
1.325e-05 1.463473754501678e+28
1.35e-05 1.4190865955094435e+28
1.3749999999999999e-05 1.375620101037454e+28
1.4e-05 1.3330714478967292e+28
1.4249999999999999e-05 1.2914371780044356e+28
1.45e-05 1.2507132158370687e+28
1.475e-05 1.2108948864426846e+28
1.4999999999999999e-05 1.1719769339659785e+28
1.525e-05 1.1339535406398807e+28
1.55e-05 1.096818346197296e+28
1.575e-05 1.0605644676567146e+28
1.6e-05 1.025184519435638e+28
1.625e-05 9.906706337461033e+27
1.6499999999999998e-05 9.570144812270164e+27
1.675e-05 9.242072917685863e+27
1.7e-05 8.922398754847887e+27
1.725e-05 8.611026437905627e+27
1.75e-05 8.307856305412926e+27
1.7749999999999998e-05 8.012785131930754e+27
1.8e-05 7.725706339433046e+27
1.825e-05 7.446510208122144e+27
1.85e-05 7.175084086272108e+27
1.875e-05 6.911312598730711e+27
1.8999999999999998e-05 6.655077853724145e+27
1.925e-05 6.406259647622176e+27
1.95e-05 6.16473566733575e+27
1.975e-05 5.930381690033861e+27
1.9999999999999998e-05 5.703071779881497e+27
2.0249999999999998e-05 5.482678481516059e+27
2.05e-05 5.269073009995396e+27
2.075e-05 5.062125436966546e+27
2.1e-05 4.861704872820514e+27
2.1249999999999998e-05 4.6676796446146596e+27
2.1499999999999997e-05 4.4799174695606927e+27
2.175e-05 4.2982856238926e+27
2.2e-05 4.122651106945241e+27
2.225e-05 3.9528808002905734e+27
2.2499999999999998e-05 3.7888416217946836e+27
2.2749999999999997e-05 3.6304006744746936e+27
2.3e-05 3.4774253900504723e+27
2.325e-05 3.32978366710152e+27
2.35e-05 3.1873440037546764e+27
2.3749999999999998e-05 3.0499756248431405e+27
2.4e-05 2.917548603491894e+27
2.425e-05 2.789933977098689e+27
2.45e-05 2.6670038576935617e+27
2.475e-05 2.5486315366730336e+27
2.4999999999999998e-05 2.4346915839180347e+27
2.525e-05 2.3250599413168673e+27
2.55e-05 2.2196140107263208e+27
2.575e-05 2.118232736415356e+27
2.6e-05 2.0207966820465004e+27
2.6249999999999998e-05 1.927188102260269e+27
2.65e-05 1.837291008937556e+27
2.675e-05 1.7509912322240025e+27
2.7e-05 1.6681764764088052e+27
2.7249999999999998e-05 1.5887363707583334e+27
2.7499999999999998e-05 1.5125625154122684e+27
2.775e-05 1.4395485224566798e+27
2.8e-05 1.3695900522946644e+27
2.825e-05 1.302584845440751e+27
2.8499999999999998e-05 1.2384327498703276e+27
2.8749999999999997e-05 1.1770357440598268e+27
2.9e-05 1.1182979558573482e+27
2.925e-05 1.0621256773267985e+27
2.95e-05 1.0084273757115369e+27
2.9749999999999998e-05 9.571137006658722e+26
2.9999999999999997e-05 9.080974879046601e+26
3.025e-05 8.612937594226625e+26
3.05e-05 8.166197204362768e+26
3.0749999999999995e-05 7.73994753200762e+26
3.1e-05 7.333404078561755e+26
3.125e-05 6.945803904549176e+26
3.15e-05 6.57640548323076e+26
3.175e-05 6.224488529067029e+26
3.2e-05 5.889353802527411e+26
3.225e-05 5.570322892725732e+26
3.25e-05 5.266737979341356e+26
3.2749999999999996e-05 4.977961575262071e+26
3.2999999999999996e-05 4.70337625135891e+26
3.325e-05 4.4423843447748034e+26
3.35e-05 4.194407652078379e+26
3.375e-05 3.958887108601651e+26
3.4e-05 3.735282455245901e+26
3.425e-05 3.5230718940039914e+26
3.45e-05 3.321751733409879e+26
3.475e-05 3.130836025087281e+26
3.5e-05 2.949856192529585e+26
3.5249999999999996e-05 2.7783606532023637e+26
3.5499999999999996e-05 2.6159144350182825e+26
3.575e-05 2.4620987881921435e+26
3.6e-05 2.3165107934412483e+26
3.625e-05 2.1787629674534795e+26
3.65e-05 2.0484828665025835e+26
3.675e-05 1.925312689047161e+26
3.7e-05 1.8089088781071123e+26
3.725e-05 1.6989417241686982e+26
3.75e-05 1.595094969327196e+26
3.7749999999999996e-05 1.4970654133343998e+26
3.7999999999999995e-05 1.404562522177044e+26
3.825e-05 1.317308039771737e+26
3.85e-05 1.2350356033222188e+26
3.875e-05 1.1574903628458076e+26
3.9e-05 1.0844286053378467e+26
3.925e-05 1.0156173840058426e+26
3.95e-05 9.508341529688854e+25
3.975e-05 8.898664077828884e+25
3.9999999999999996e-05 8.325113321182369e+25
4.0249999999999996e-05 7.78575450883598e+25
4.0499999999999995e-05 7.278742900580188e+25
4.075e-05 6.802320434629548e+25
4.1e-05 6.354812466766259e+25
4.125e-05 5.934624582650725e+25
4.15e-05 5.540239484774914e+25
4.175e-05 5.170213955278737e+25
4.2e-05 4.823175895606608e+25
4.225e-05 4.497821443750522e+25
4.2499999999999996e-05 4.192912169607548e+25
4.2749999999999996e-05 3.907272348773311e+25
4.2999999999999995e-05 3.639786314898759e+25
4.325e-05 3.389395890555084e+25
4.35e-05 3.1550978963809154e+25
4.375e-05 2.9359417381264685e+25
4.4e-05 2.7310270710612217e+25
4.425e-05 2.539501541074296e+25
4.45e-05 2.3605586016700234e+25
4.475e-05 2.1934354059447424e+25
4.4999999999999996e-05 2.037410772524345e+25
4.5249999999999995e-05 1.8918032243452698e+25
4.5499999999999995e-05 1.755969099073999e+25
4.575e-05 1.6293007298814675e+25
4.6e-05 1.5112246952186883e+25
4.625e-05 1.4012001361779323e+25
4.65e-05 1.2987171399697692e+25
4.675e-05 1.2032951879995962e+25
4.7e-05 1.1144816669877564e+25
4.7249999999999997e-05 1.031850441544526e+25
4.7499999999999996e-05 9.550004865847924e+24
4.7749999999999995e-05 8.835545779467676e+24
4.8e-05 8.171580395642716e+24
4.825e-05 7.554775455325969e+24
4.85e-05 6.9819997540337e+24
4.875e-05 6.450313210438887e+24
4.9e-05 5.956956434007238e+24
4.925e-05 5.4993407751569e+24
4.95e-05 5.075038841542428e+24
4.9749999999999996e-05 4.6817754642169903e+24
4.9999999999999996e-05 4.317419097610772e+24
5.0249999999999995e-05 3.979973637475695e+24
5.05e-05 3.6675706411839445e+24
5.075e-05 3.378461935027988e+24
5.1e-05 3.111012593450353e+24
5.125e-05 2.8636942754299357e+24
5.15e-05 2.63507890356602e+24
5.175e-05 2.423832671729179e+24
5.2e-05 2.2287103674880444e+24
5.2249999999999996e-05 2.048549995870432e+24
5.2499999999999995e-05 1.8822676913749928e+24
5.2749999999999995e-05 1.7288529055135605e+24
5.3e-05 1.5873638575331796e+24
5.325e-05 1.4569232363390682e+24
5.35e-05 1.336714142013987e+24
5.375e-05 1.225976255704498e+24
5.4e-05 1.1240022270192334e+24
5.425e-05 1.0301342684574492e+24
5.4499999999999997e-05 9.437609467568448e+23
5.4749999999999996e-05 8.643141614170288e+23
5.4999999999999995e-05 7.912663010182256e+23
5.5249999999999994e-05 7.241275683131744e+23
5.55e-05 6.624434654229592e+23
5.575e-05 6.057924308141847e+23
5.6e-05 5.537836200749072e+23
5.625e-05 5.060548228396352e+23
5.65e-05 4.622705085390789e+23
5.675e-05 4.2211999396787703e+23
5.6999999999999996e-05 3.8531572597290846e+23
5.7249999999999996e-05 3.515916728658193e+23
5.7499999999999995e-05 3.207018184558599e+23
5.7749999999999994e-05 2.924187528828669e+23
5.8e-05 2.6653235470517772e+23
5.825e-05 2.428485589633175e+23
5.85e-05 2.211882061974568e+23
5.875e-05 2.0138596764488342e+23
5.9e-05 1.8328934208309404e+23
5.925e-05 1.6675772001465713e+23
5.9499999999999996e-05 1.5166151111179354e+23
5.9749999999999995e-05 1.3788133105178529e+23
5.9999999999999995e-05 1.2530724407896104e+23
6.0249999999999994e-05 1.1383805782526942e+23
6.05e-05 1.0338066710948898e+23
6.075e-05 9.384944361510733e+22
6.1e-05 8.516566851900575e+22
6.125e-05 7.725700530751002e+22
6.149999999999999e-05 7.005701017329943e+22
6.175e-05 6.3504677536321556e+22
6.2e-05 5.754401837444283e+22
6.225e-05 5.212366918529371e+22
6.25e-05 4.71965295298622e+22
6.275e-05 4.271942623106786e+22
6.3e-05 3.865280241703633e+22
6.324999999999999e-05 3.496042970931065e+22
6.35e-05 3.1609141961004874e+22
6.374999999999999e-05 2.8568589049144562e+22
6.4e-05 2.5811009319369706e+22
6.425e-05 2.33110193700106e+22
6.45e-05 2.1045419946500526e+22
6.475e-05 1.899301679636839e+22
6.5e-05 1.7134455409865449e+22
6.525e-05 1.5452068641821298e+22
6.549999999999999e-05 1.3929736276792301e+22
6.575e-05 1.2552755662150248e+22
6.599999999999999e-05 1.1307722592644946e+22
6.625e-05 1.018242168534217e+22
6.65e-05 9.165725535860961e+21
6.675e-05 8.247501995681002e+21
6.7e-05 7.418528956123601e+21
6.725e-05 6.670416067586116e+21
6.75e-05 5.995532862880159e+21
6.775e-05 5.386942791234152e+21
6.8e-05 4.838342704810227e+21
6.824999999999999e-05 4.344007372588019e+21
6.85e-05 3.8987386273116733e+21
6.874999999999999e-05 3.497818780004302e+21
6.9e-05 3.1369679634432613e+21
6.925e-05 2.8123050910719746e+21
6.95e-05 2.5203121412064113e+21
6.975e-05 2.2578014981781977e+21
7e-05 2.021886102338734e+21
7.025e-05 1.8099521797210676e+21
7.049999999999999e-05 1.6196343397064927e+21
7.075e-05 1.448792845353115e+21
7.099999999999999e-05 1.2954928761928192e+21
7.125e-05 1.1579856173652148e+21
7.15e-05 1.0346910220025532e+21
7.175e-05 9.241821058746403e+20
7.2e-05 8.251706445100585e+20
7.225e-05 7.364941533886684e+20
7.25e-05 6.571040414060516e+20
7.274999999999999e-05 5.8605483669572406e+20
7.3e-05 5.224943921089071e+20
7.324999999999999e-05 4.656549852407836e+20
7.35e-05 4.148452348999859e+20
7.374999999999999e-05 3.694427623854713e+20
7.4e-05 3.2888753190023057e+20
7.425e-05 2.9267580993034568e+20
7.45e-05 2.6035468848438988e+20
7.475e-05 2.315171217534703e+20
7.5e-05 2.057974300457524e+20
7.525e-05 1.8286722879852144e+20
7.549999999999999e-05 1.6243174410136165e+20
7.575e-05 1.4422647949975424e+20
7.599999999999999e-05 1.2801420191159691e+20
7.625e-05 1.135822173005632e+20
7.65e-05 1.0073990932916288e+20
7.675e-05 8.931651657878418e+19
7.7e-05 7.915912609058292e+19
7.725e-05 7.013086296532871e+19
7.75e-05 6.2109257576604205e+19
7.774999999999999e-05 5.498477361342244e+19
7.8e-05 4.8659481687736074e+19
7.824999999999999e-05 4.304586463091602e+19
7.85e-05 3.8065741871670125e+19
7.874999999999999e-05 3.364930144585792e+19
7.9e-05 2.9734229245299417e+19
7.925e-05 2.626492607633971e+19
7.95e-05 2.3191803977350476e+19
7.975e-05 2.0470654044648264e+19
7.999999999999999e-05 1.806207874506461e+19
8.025e-05 1.5930982356669735e+19
8.049999999999999e-05 1.4046113782507047e+19
8.075e-05 1.237965653077381e+19
8.099999999999999e-05 1.0906861153403408e+19
8.125e-05 9.60571588780629e+18
8.15e-05 8.456651657595503e+18
8.175e-05 7.442277961117331e+18
8.2e-05 6.547146514885241e+18
8.225e-05 5.757539825653938e+18
8.25e-05 5.061282142690906e+18
8.274999999999999e-05 4.4475704933880125e+18
8.3e-05 3.906823733071001e+18
8.324999999999999e-05 3.4305477458719053e+18
8.35e-05 3.011215119806884e+18
8.375e-05 2.6421577875559224e+18
8.4e-05 2.3174712765213793e+18
8.425e-05 2.0319293490552842e+18
8.45e-05 1.7809079376638776e+18
8.475e-05 1.5603173917744164e+18
8.499999999999999e-05 1.3665421534242944e+18
8.525e-05 1.1963870700448914e+18
8.549999999999999e-05 1.0470296343074766e+18
8.575e-05 9.159775146359306e+17
8.599999999999999e-05 8.010308062524392e+17
8.625e-05 7.002484922179866e+17
8.65e-05 6.119186575041466e+17
8.675e-05 5.3453204727164365e+17
8.7e-05 4.6675860376526726e+17
8.724999999999999e-05 4.0742665504515565e+17
8.75e-05 3.555044635973366e+17
8.774999999999999e-05 3.100838740965234e+17
8.8e-05 2.7036582758892746e+17
8.824999999999999e-05 2.356475344455651e+17
8.85e-05 2.0531112089949306e+17
8.875e-05 1.7881358408774624e+17
8.9e-05 1.5567790850902074e+17
8.925e-05 1.3548521289668789e+17
8.95e-05 1.178678108878219e+17
8.975e-05 1.0250308171775443e+17
8.999999999999999e-05 8.910805864413491e+16
9.025e-05 7.743465304679192e+16
9.049999999999999e-05 6.726544128790769e+16
9.075e-05 5.8409949566359976e+16
9.099999999999999e-05 5.070137926418e+16
9.125e-05 4.3993721755076824e+16
9.15e-05 3.815921740858142e+16
9.175e-05 3.3086118653726296e+16
9.2e-05 2.8676721530749344e+16
9.224999999999999e-05 2.484563421861061e+16
9.25e-05 2.1518254634387364e+16
9.274999999999999e-05 1.8629432406489644e+16
9.3e-05 1.6122293370660758e+16
9.324999999999999e-05 1.394720726488106e+16
9.35e-05 1.2060881541459734e+16
9.375e-05 1.0425566202972478e+16
9.4e-05 9008356331164848.0
9.425e-05 7780580539399548.0
9.449999999999999e-05 6717264961920399.0
9.475e-05 5796663616981712.0
9.499999999999999e-05 4999847063448695.0
9.525e-05 4310342227589201.0
9.549999999999999e-05 3713817122502560.5
9.575e-05 3197804929478854.5
9.6e-05 2751462569681621.0
9.625e-05 2365359475792902.0
9.65e-05 2031292785440469.2
9.675e-05 1742125629142380.2
9.7e-05 1491645582068525.5
9.724999999999999e-05 1274440697255491.2
9.75e-05 1085790843434518.1
9.774999999999999e-05 921572338122886.4
9.8e-05 778174100298518.9
9.824999999999999e-05 652423750527986.9
9.85e-05 541522263093295.0
9.875e-05 442985927294215.06
9.9e-05 354594506149730.8
9.925e-05 274344592306168.03
9.949999999999999e-05 200407254895881.1
9.975e-05 131089148913325.27
9.999999999999999e-05 64796321660791.77
