2.5e-07 1.1721260168995576e+28
5e-07 1.1713252316339005e+28
7.5e-07 1.1697253072130129e+28
1e-06 1.1673295302010885e+28
1.2499999999999999e-06 1.1641428163300702e+28
1.5e-06 1.16017169363869e+28
1.75e-06 1.1554242801177905e+28
2e-06 1.1499102559694323e+28
2.25e-06 1.143640830612879e+28
2.4999999999999998e-06 1.1366287045953984e+28
2.75e-06 1.1288880265895955e+28
3e-06 1.1204343456817148e+28
3.25e-06 1.1112845591767884e+28
3.5e-06 1.1014568561665796e+28
3.7499999999999997e-06 1.0909706571248496e+28
4e-06 1.0798465498114462e+28
4.25e-06 1.068106221782001e+28
4.5e-06 1.0557723898135425e+28
4.749999999999999e-06 1.0428687265679978e+28
4.9999999999999996e-06 1.029419784825363e+28
5.25e-06 1.015450919626156e+28
5.5e-06 1.0009882086686754e+28
5.75e-06 9.860583713105173e+27
6e-06 9.706886865257545e+27
6.2499999999999995e-06 9.549069101691941e+27
6.5e-06 9.387411918972026e+27
6.75e-06 9.222199920907818e+27
7e-06 9.053719991209412e+27
7.25e-06 8.882260472890028e+27
7.499999999999999e-06 8.708110357653797e+27
7.75e-06 8.531558488396577e+27
8e-06 8.352892777826073e+27
8.249999999999999e-06 8.17239944607118e+27
8.5e-06 7.990362280001491e+27
8.75e-06 7.807061916816841e+27
9e-06 7.622775154295552e+27
9.25e-06 7.437774289909193e+27
9.499999999999999e-06 7.252326490823204e+27
9.75e-06 7.066693196607646e+27
9.999999999999999e-06 6.881129556281878e+27
1.025e-05 6.695883901112844e+27
1.05e-05 6.511197254379882e+27
1.0749999999999999e-05 6.327302879111143e+27
1.1e-05 6.144425864588855e+27
1.1249999999999999e-05 5.96278275221444e+27
1.15e-05 5.782581201120635e+27
1.175e-05 5.604019693717932e+27
1.2e-05 5.427287281167599e+27
1.225e-05 5.252563368584451e+27
1.2499999999999999e-05 5.080017539590446e+27
1.275e-05 4.909809419665874e+27
1.3e-05 4.7420885775791505e+27
1.325e-05 4.576994464020014e+27
1.35e-05 4.414656386414541e+27
1.3749999999999999e-05 4.2551935187647127e+27
1.4e-05 4.098714945230446e+27
1.4249999999999999e-05 3.9453197360587607e+27
1.45e-05 3.795097054362948e+27
1.475e-05 3.6481262921649207e+27
1.4999999999999999e-05 3.504477234035904e+27
1.525e-05 3.3642102466048633e+27
1.55e-05 3.227376492149974e+27
1.575e-05 3.0940181644462753e+27
1.6e-05 2.964168745011978e+27
1.625e-05 2.837853277876443e+27
1.6499999999999998e-05 2.715088660984441e+27
1.675e-05 2.59588395235323e+27
1.7e-05 2.4802406891111314e+27
1.725e-05 2.3681532175678292e+27
1.75e-05 2.2596090324972175e+27
1.7749999999999998e-05 2.154589123852599e+27
1.8e-05 2.0530683291807862e+27
1.825e-05 1.9550156900555413e+27
1.85e-05 1.8603948109111724e+27
1.875e-05 1.769164218723247e+27
1.8999999999999998e-05 1.681277722054707e+27
1.925e-05 1.5966847680613856e+27
1.95e-05 1.5153307961304568e+27
1.975e-05 1.437157586907935e+27
1.9999999999999998e-05 1.3621036055564214e+27
2.0249999999999998e-05 1.2901043381711316e+27
2.05e-05 1.2210926203703132e+27
2.075e-05 1.1549989571648053e+27
2.1e-05 1.0917518333001649e+27
2.1249999999999998e-05 1.0312780133529987e+27
2.1499999999999997e-05 9.735028309502822e+26
2.175e-05 9.183504665661827e+26
2.2e-05 8.657442134346987e+26
2.225e-05 8.1560673119793e+26
2.2499999999999998e-05 7.678602869886549e+26
2.2749999999999997e-05 7.22426983721756e+26
2.3e-05 6.79228975441673e+26
2.325e-05 6.38188669642176e+26
2.35e-05 5.99228916540191e+26
2.3749999999999998e-05 5.6227318534696195e+26
2.4e-05 5.27245727637398e+26
2.425e-05 4.940717279719198e+26
2.45e-05 4.626774419744267e+26
2.475e-05 4.329903221151156e+26
2.4999999999999998e-05 4.049391314878146e+26
2.525e-05 3.784540459082362e+26
2.55e-05 3.534667446922103e+26
2.575e-05 3.299104905015371e+26
2.6e-05 3.0772019866977717e+26
2.6249999999999998e-05 2.8683249644111093e+26
2.65e-05 2.6718577257254916e+26
2.675e-05 2.487202177633734e+26
2.7e-05 2.313778563859019e+26
2.7249999999999998e-05 2.1510256999869655e+26
2.7499999999999998e-05 1.9984011312731462e+26
2.775e-05 1.8553812179887377e+26
2.8e-05 1.721461153152187e+26
2.825e-05 1.5961549174556264e+26
2.8499999999999998e-05 1.4789951761332194e+26
2.8749999999999997e-05 1.3695331224366783e+26
2.9e-05 1.2673382722828312e+26
2.925e-05 1.171998214521358e+26
2.95e-05 1.0831183211394778e+26
2.9749999999999998e-05 1.0003214215764342e+26
2.9999999999999997e-05 9.232474451658335e+25
3.025e-05 8.515530355599993e+25
3.05e-05 7.849111408192194e+25
3.0749999999999995e-05 7.230105826716128e+25
3.1e-05 6.655556082678728e+25
3.125e-05 6.1226542757075336e+25
3.15e-05 5.628737393331484e+25
3.175e-05 5.1712824843223245e+25
3.2e-05 4.7479017714146485e+25
3.225e-05 4.356337727383767e+25
3.25e-05 3.994458136648581e+25
3.2749999999999996e-05 3.6602511627900642e+25
3.2999999999999996e-05 3.3518204406420306e+25
3.325e-05 3.06738020992641e+25
3.35e-05 2.805250505775559e+25
3.375e-05 2.563852419914396e+25
3.4e-05 2.3417034447690953e+25
3.425e-05 2.1374129113300993e+25
3.45e-05 1.9496775302278956e+25
3.475e-05 1.7772770441820004e+25
3.5e-05 1.6190699987583982e+25
3.5249999999999996e-05 1.4739896372187788e+25
3.5499999999999996e-05 1.3410399241664768e+25
3.575e-05 1.2192917016886696e+25
3.6e-05 1.1078789807613587e+25
3.625e-05 1.0059953698216999e+25
3.65e-05 9.12890641619873e+24
3.675e-05 8.27867438737964e+24
3.7e-05 7.502781175042462e+24
3.725e-05 6.79521729435387e+24
3.75e-05 6.150411388039678e+24
3.7749999999999996e-05 5.563202744516325e+24
3.7999999999999995e-05 5.028815135463416e+24
3.825e-05 4.542831946127606e+24
3.85e-05 4.101172568448057e+24
3.875e-05 3.700070024358142e+24
3.9e-05 3.3360497843177884e+24
3.925e-05 3.005909744235608e+24
3.95e-05 2.7067013224210224e+24
3.975e-05 2.435711637034846e+24
3.9999999999999996e-05 2.1904467236543236e+24
4.0249999999999996e-05 1.9686157520080785e+24
4.0499999999999995e-05 1.7681162006413462e+24
4.075e-05 1.5870199482170426e+24
4.1e-05 1.4235602403190358e+24
4.125e-05 1.2761194909775817e+24
4.15e-05 1.1432178786609561e+24
4.175e-05 1.0235026971512705e+24
4.2e-05 9.157384225266202e+23
4.225e-05 8.187974583877749e+23
4.2499999999999996e-05 7.316515224784942e+23
4.2749999999999996e-05 6.533636389383498e+23
4.2999999999999995e-05 5.830807015809629e+23
4.325e-05 5.200265747953695e+23
4.35e-05 4.634956999113766e+23
4.375e-05 4.128471761400834e+23
4.4e-05 3.67499286487964e+23
4.425e-05 3.2692444033788766e+23
4.45e-05 2.9064450568496557e+23
4.475e-05 2.5822650530186367e+23
4.4999999999999996e-05 2.2927865238077916e+23
4.5249999999999995e-05 2.0344670245201243e+23
4.5499999999999995e-05 1.8041059960712998e+23
4.575e-05 1.5988139625393582e+23
4.6e-05 1.4159842679736878e+23
4.625e-05 1.2532671677210322e+23
4.65e-05 1.1085461004673264e+23
4.675e-05 9.799159777411033e+22
4.7e-05 8.656633377634529e+22
4.7249999999999997e-05 7.6424822025141e+22
4.7499999999999996e-05 6.742876280804322e+22
4.7749999999999995e-05 5.945404505847573e+22
4.8e-05 5.238937317224351e+22
4.825e-05 4.613501743577083e+22
4.85e-05 4.060167795225913e+22
4.875e-05 3.5709452671923977e+22
4.9e-05 3.1386900812398256e+22
4.925e-05 2.7570193596314166e+22
4.95e-05 2.4202344836151135e+22
4.9749999999999996e-05 2.123251446291379e+22
4.9999999999999996e-05 1.86153786264068e+22
5.0249999999999995e-05 1.6310560492183303e+22
5.05e-05 1.4282116325081201e+22
5.075e-05 1.2498071883071537e+22
5.1e-05 1.0930004549383785e+22
5.125e-05 9.5526670070012e+21
5.15e-05 8.343648609084071e+21
5.175e-05 7.283070923109994e+21
5.2e-05 6.353314226922243e+21
5.2249999999999996e-05 5.538772012822713e+21
5.2499999999999995e-05 4.825630812670112e+21
5.2749999999999995e-05 4.2016728939406494e+21
5.3e-05 3.6560995951265516e+21
5.325e-05 3.1793732698886143e+21
5.35e-05 2.763075994194375e+21
5.375e-05 2.3997833603644224e+21
5.4e-05 2.0829518375651262e+21
5.425e-05 1.80681832082405e+21
5.4499999999999997e-05 1.5663106210500932e+21
5.4749999999999996e-05 1.356967767708291e+21
5.4999999999999995e-05 1.1748691045729736e+21
5.5249999999999994e-05 1.0165712581570224e+21
5.55e-05 8.790521487354896e+20
5.575e-05 7.596612960484907e+20
5.6e-05 6.560757464355668e+20
5.625e-05 5.662610159328809e+20
5.65e-05 4.88436505325414e+20
5.675e-05 4.210448988188707e+20
5.6999999999999996e-05 3.62725108372626e+20
5.7249999999999996e-05 3.1228837127233326e+20
5.7499999999999995e-05 2.6869714964137696e+20
5.7749999999999994e-05 2.310465176848227e+20
5.8e-05 1.9854775588834686e+20
5.825e-05 1.7051390148995288e+20
5.85e-05 1.4634703160966382e+20
5.875e-05 1.255270797425348e+20
5.9e-05 1.0760200815078216e+20
5.925e-05 9.217917826748626e+19
5.9499999999999996e-05 7.891777876301665e+19
5.9749999999999995e-05 6.75221866232232e+19
5.9999999999999995e-05 5.773615062543908e+19
6.0249999999999994e-05 4.933769913837503e+19
6.05e-05 4.213468536423236e+19
6.075e-05 3.59608931214137e+19
6.1e-05 3.0672635157152866e+19
6.125e-05 2.6145783892811604e+19
6.149999999999999e-05 2.2273181541565125e+19
6.175e-05 1.896238279012442e+19
6.2e-05 1.61336887856049e+19
6.225e-05 1.3718436090167636e+19
6.25e-05 1.1657508626802153e+19
6.275e-05 9.900044500064637e+18
6.3e-05 8.402312990121013e+18
6.324999999999999e-05 7.126740035931394e+18
6.35e-05 6.041063187695541e+18
6.374999999999999e-05 5.117599359061539e+18
6.4e-05 4.332610781275224e+18
6.425e-05 3.665756385895988e+18
6.45e-05 3.099617448054708e+18
6.475e-05 2.6192877335905423e+18
6.5e-05 2.212019633164778e+18
6.525e-05 1.8669188545565402e+18
6.549999999999999e-05 1.574681198545531e+18
6.575e-05 1.3273657798595487e+18
6.599999999999999e-05 1.1181997866226565e+18
6.625e-05 9.414105120163777e+17
6.65e-05 7.920809514816083e+17
6.675e-05 6.660257475014433e+17
6.7e-05 5.596846904477709e+17
6.725e-05 4.700313557769932e+17
6.75e-05 3.9449478175940486e+17
6.775e-05 3.3089237386523296e+17
6.8e-05 2.7737246714538573e+17
6.824999999999999e-05 2.3236519104780765e+17
6.85e-05 1.9454046615730432e+17
6.874999999999999e-05 1.6277212290262237e+17
6.9e-05 1.3610727146950901e+17
6.925e-05 1.1374017273823294e+17
6.95e-05 9.49899644351385e+16
6.975e-05 7.928168695749226e+16
7e-05 6.613013134272569e+16
7.025e-05 5.512609921859877e+16
7.049999999999999e-05 4.592472269706421e+16
7.075e-05 3.8235542289575896e+16
7.099999999999999e-05 3.181408409567418e+16
7.125e-05 2.6454714682227436e+16
7.15e-05 2.1984584039068108e+16
7.175e-05 1.82584944733905e+16
7.2e-05 1.5154556903036924e+16
7.225e-05 1.2570516259638138e+16
7.25e-05 1.0420645077827882e+16
7.274999999999999e-05 8633119226164223.0
7.3e-05 7147802475051562.0
7.324999999999999e-05 5914377496242731.0
7.35e-05 4890770206166706.0
7.374999999999999e-05 4041822324827587.5
7.4e-05 3338173816166048.0
7.425e-05 2755322670793804.5
7.45e-05 2272834431098928.0
7.475e-05 1873678065122994.2
7.5e-05 1543668375323940.0
7.525e-05 1270998172440495.8
7.549999999999999e-05 1045846031365342.0
7.575e-05 860047642301567.4
7.599999999999999e-05 706820634026839.1
7.625e-05 580534326075805.6
7.65e-05 476517205225122.0
7.675e-05 390896054871437.2
7.7e-05 320461624527792.25
7.725e-05 262556537020855.75
7.75e-05 214981815479450.75
7.774999999999999e-05 175918989981975.62
7.8e-05 143865231059477.9
7.824999999999999e-05 117579367989386.89
7.85e-05 96036995745644.56
7.874999999999999e-05 78393165606311.6
7.9e-05 63951399260047.58
7.925e-05 52137972009445.56
7.95e-05 42480583454891.81
7.975e-05 34590679035119.062
7.999999999999999e-05 28148807382118.69
8.025e-05 22892500324600.254
8.049999999999999e-05 18606247677488.184
8.075e-05 15113210329458.172
8.099999999999999e-05 12268374817444.824
8.125e-05 9952902437506.535
8.15e-05 8069467570135.969
8.175e-05 6538414629066.6045
8.2e-05 5294591997952.955
8.225e-05 4284745442131.9814
8.25e-05 3465373565118.236
8.274999999999999e-05 2800964586306.53
8.3e-05 2262547605017.962
8.324999999999999e-05 1826503053657.5566
8.35e-05 1473586620492.6042
8.375e-05 1188128867671.261
8.4e-05 957379356190.6364
8.425e-05 770969545174.213
8.45e-05 620473248850.669
8.475e-05 499047170218.22906
8.499999999999999e-05 401137118214.0041
8.525e-05 322238065802.48755
8.549999999999999e-05 258698311734.9428
8.575e-05 207559745313.5856
8.599999999999999e-05 166427644899.63446
8.625e-05 133364619931.39893
8.65e-05 106804276682.2867
8.675e-05 85480986221.14842
8.7e-05 68372789144.104485
8.724999999999999e-05 54655010555.2133
8.75e-05 43662601107.69813
8.774999999999999e-05 34859582730.09429
8.8e-05 27814275040.690952
8.824999999999999e-05 22179222029.749287
8.85e-05 17674937957.14601
8.875e-05 14076754483.063341
8.9e-05 11204184336.877108
8.925e-05 8912325698.00166
8.95e-05 7084920323.967699
8.975e-05 5628750941.806132
8.999999999999999e-05 4469122497.474941
9.025e-05 3546219979.337864
9.049999999999999e-05 2812174700.7080193
9.075e-05 2228702786.5772676
9.099999999999999e-05 1765205506.772341
9.125e-05 1397242133.4079168
9.15e-05 1105303075.4624138
9.175e-05 873824893.755068
9.2e-05 690400026.7369806
9.224999999999999e-05 545143151.921644
9.25e-05 430183469.5371861
9.274999999999999e-05 339258150.0894561
9.3e-05 267387001.4486406
9.324999999999999e-05 210612299.82712469
9.35e-05 165790868.25239548
9.375e-05 130428018.58120215
9.4e-05 102545014.63981895
9.425e-05 80573358.74320897
9.449999999999999e-05 63270527.88747238
9.475e-05 49652851.10197518
9.499999999999999e-05 38942075.80900396
9.525e-05 30522859.03996577
9.549999999999999e-05 23908971.719272114
9.575e-05 18716447.3872083
9.6e-05 14642262.03595835
9.625e-05 11447416.399368754
9.65e-05 8943519.95076152
9.675e-05 6982158.209378576
9.7e-05 5446470.739406498
9.724999999999999e-05 4244483.6895160405
9.75e-05 3303833.687760658
9.774999999999999e-05 2567594.052520961
9.8e-05 1990973.3569015432
9.824999999999999e-05 1538703.398922326
9.85e-05 1182970.9904943386
9.875e-05 901777.6087980865
9.9e-05 677634.3891132603
9.925e-05 496518.39901042683
9.949999999999999e-05 347030.5867398696
9.975e-05 219707.0022102274
9.999999999999999e-05 106443.43956535868
