2.5e-07 3.7989096043420006e+25
5e-07 3.7604910740949596e+25
7.5e-07 3.698825114323369e+25
1e-06 3.627975288715484e+25
1.2499999999999999e-06 3.554938867172194e+25
1.5e-06 3.4821077237390343e+25
1.75e-06 3.4101055831855257e+25
2e-06 3.3390635668911014e+25
2.25e-06 3.269003759019099e+25
2.4999999999999998e-06 3.1999278995433914e+25
2.75e-06 3.131834266519508e+25
3e-06 3.0647204357606996e+25
3.25e-06 2.99858368091665e+25
3.5e-06 2.9334210274525376e+25
3.7499999999999997e-06 2.869229261114927e+25
4e-06 2.8060049310551885e+25
4.25e-06 2.743744352506983e+25
4.5e-06 2.682443609567873e+25
4.749999999999999e-06 2.622098558140069e+25
4.9999999999999996e-06 2.5627048290325185e+25
5.25e-06 2.5042578312210213e+25
5.5e-06 2.4467527552623783e+25
5.75e-06 2.3901845768583562e+25
6e-06 2.3345480605650753e+25
6.2499999999999995e-06 2.2798377636432702e+25
6.5e-06 2.2260480400447066e+25
6.75e-06 2.173173044529916e+25
7e-06 2.1212067369122257e+25
7.25e-06 2.0701428864230003e+25
7.499999999999999e-06 2.0199750761928216e+25
7.75e-06 1.9706967078432583e+25
8e-06 1.9223010061837834e+25
8.249999999999999e-06 1.8747810240082624e+25
8.5e-06 1.828129646985395e+25
8.75e-06 1.7823395986373852e+25
9e-06 1.7374034454010682e+25
9.25e-06 1.6933136017656536e+25
9.499999999999999e-06 1.6500623354811967e+25
9.75e-06 1.6076417728318921e+25
9.999999999999999e-06 1.5660439039682176e+25
1.025e-05 1.5252605882919723e+25
1.05e-05 1.4852835598882244e+25
1.0749999999999999e-05 1.4461044329981841e+25
1.1e-05 1.4077147075270312e+25
1.1249999999999999e-05 1.3701057745807404e+25
1.15e-05 1.333268922025972e+25
1.175e-05 1.2971953400671322e+25
1.2e-05 1.2618761268347525e+25
1.225e-05 1.2273022939793857e+25
1.2499999999999999e-05 1.193464772265279e+25
1.275e-05 1.160354417158147e+25
1.3e-05 1.1279620144014574e+25
1.325e-05 1.0962782855757054e+25
1.35e-05 1.06529389363526e+25
1.3749999999999999e-05 1.0349994484174544e+25
1.4e-05 1.0053855121187085e+25
1.4249999999999999e-05 9.764426047325585e+24
1.45e-05 9.481612094446248e+24
1.475e-05 9.205317779796274e+24
1.4999999999999999e-05 8.935447358957284e+24
1.525e-05 8.671904878215891e+24
1.55e-05 8.414594226316798e+24
1.575e-05 8.163419185555222e+24
1.6e-05 7.918283482166935e+24
1.625e-05 7.679090835975749e+24
1.6499999999999998e-05 7.445745009259821e+24
1.675e-05 7.21814985479976e+24
1.7e-05 6.99620936307318e+24
1.725e-05 6.779827708561924e+24
1.75e-05 6.56890929513996e+24
1.7749999999999998e-05 6.363358800511592e+24
1.8e-05 6.163081219671352e+24
1.825e-05 5.96798190735872e+24
1.85e-05 5.777966619482452e+24
1.875e-05 5.592941553491255e+24
1.8999999999999998e-05 5.412813387669006e+24
1.925e-05 5.237489319334777e+24
1.95e-05 5.066877101929463e+24
1.975e-05 4.900885080972648e+24
1.9999999999999998e-05 4.7394222288750836e+24
2.0249999999999998e-05 4.5823981785938573e+24
2.05e-05 4.429723256119057e+24
2.075e-05 4.2813085117824446e+24
2.1e-05 4.1370657503803203e+24
2.1249999999999998e-05 3.9969075601043933e+24
2.1499999999999997e-05 3.860747340276171e+24
2.175e-05 3.7284993278818975e+24
2.2e-05 3.600078622906726e+24
2.225e-05 3.475401212468311e+24
2.2499999999999998e-05 3.3543839937515073e+24
2.2749999999999997e-05 3.2369447957473997e+24
2.3e-05 3.1230023998012434e+24
2.325e-05 3.01247655897535e+24
2.35e-05 2.9052880162343087e+24
2.3749999999999998e-05 2.801358521461217e+24
2.4e-05 2.700610847314911e+24
2.425e-05 2.602968803939369e+24
2.45e-05 2.508357252537696e+24
2.475e-05 2.4167021178241805e+24
2.4999999999999998e-05 2.327930399369043e+24
2.525e-05 2.2419701818515214e+24
2.55e-05 2.15875064423792e+24
2.575e-05 2.078202067902208e+24
2.6e-05 2.0002558437076352e+24
2.6249999999999998e-05 1.924844478068668e+24
2.65e-05 1.851901598013357e+24
2.675e-05 1.7813619552669597e+24
2.7e-05 1.7131614293783667e+24
2.7249999999999998e-05 1.64723702991148e+24
2.7499999999999998e-05 1.5835268977243053e+24
2.775e-05 1.5219703053590554e+24
2.8e-05 1.4625076565670403e+24
2.825e-05 1.4050804849925643e+24
2.8499999999999998e-05 1.3496314520404394e+24
2.8749999999999997e-05 1.2961043439520726e+24
2.9e-05 1.2444440681153718e+24
2.925e-05 1.1945966486339673e+24
2.95e-05 1.1465092211814523e+24
2.9749999999999998e-05 1.1001300271664948e+24
2.9999999999999997e-05 1.0554084072348023e+24
3.025e-05 1.0122947941339821e+24
3.05e-05 9.707407049673747e+23
3.0749999999999995e-05 9.306987328629279e+23
3.1e-05 8.921225380831371e+23
3.125e-05 8.549668386019785e+23
3.15e-05 8.191874001746543e+23
3.175e-05 7.847410259258001e+23
3.2e-05 7.515855454816173e+23
3.225e-05 7.196798036711728e+23
3.25e-05 6.889836488218473e+23
3.2749999999999996e-05 6.594579206736334e+23
3.2999999999999996e-05 6.310644379366718e+23
3.325e-05 6.037659855160744e+23
3.35e-05 5.7752630142771506e+23
3.375e-05 5.5231006342828734e+23
3.4e-05 5.2808287538251277e+23
3.425e-05 5.048112533899557e+23
3.45e-05 4.824626116934441e+23
3.475e-05 4.6100524839063554e+23
3.5e-05 4.404083309697745e+23
3.5249999999999996e-05 4.2064188169019066e+23
3.5499999999999996e-05 4.0167676282757504e+23
3.575e-05 3.8348466180354e+23
3.6e-05 3.660380762184359e+23
3.625e-05 3.493102988058491e+23
3.65e-05 3.332754023266479e+23
3.675e-05 3.179082244198849e+23
3.7e-05 3.031843524272932e+23
3.725e-05 2.890801082075402e+23
3.75e-05 2.755725329558292e+23
3.7749999999999996e-05 2.6263937204385707e+23
3.7999999999999995e-05 2.5025905989455783e+23
3.825e-05 2.3841070490548264e+23
3.85e-05 2.2707407443408452e+23
3.875e-05 2.1622957985760158e+23
3.9e-05 2.058582617196555e+23
3.925e-05 1.9594177497511292e+23
3.95e-05 1.864623743441886e+23
3.975e-05 1.7740289978621066e+23
3.9999999999999996e-05 1.6874676210291045e+23
4.0249999999999996e-05 1.6047792868055312e+23
4.0499999999999995e-05 1.5258090937968433e+23
4.075e-05 1.4504074258073545e+23
4.1e-05 1.3784298139320533e+23
4.125e-05 1.3097368003562468e+23
4.15e-05 1.2441938039300263e+23
4.175e-05 1.1816709875796148e+23
4.2e-05 1.1220431276128415e+23
4.225e-05 1.0651894849712398e+23
4.2499999999999996e-05 1.010993678476694e+23
4.2749999999999996e-05 9.593435601160443e+22
4.2999999999999995e-05 9.101310924027301e+22
4.325e-05 8.632522278502852e+22
4.35e-05 8.186067905884016e+22
4.375e-05 7.760983601483025e+22
4.4e-05 7.356341574402923e+22
4.425e-05 6.971249329426548e+22
4.45e-05 6.604848571174605e+22
4.475e-05 6.2563141306540255e+22
4.4999999999999996e-05 5.92485291428448e+22
4.5249999999999995e-05 5.6097028754590596e+22
4.5499999999999995e-05 5.310132008664505e+22
4.575e-05 5.025437366157164e+22
4.6e-05 4.754944097162847e+22
4.625e-05 4.498004509542144e+22
4.65e-05 4.2539971538373795e+22
4.675e-05 4.022325929593361e+22
4.7e-05 3.8024192138211335e+22
4.7249999999999997e-05 3.5937290114525332e+22
4.7499999999999996e-05 3.395730127612832e+22
4.7749999999999995e-05 3.207919361519728e+22
4.8e-05 3.029814721798864e+22
4.825e-05 2.860954662989321e+22
4.85e-05 2.7008973429967675e+22
4.875e-05 2.5492199012374407e+22
4.9e-05 2.4055177572025543e+22
4.925e-05 2.2694039291603246e+22
4.95e-05 2.14050837270135e+22
4.9749999999999996e-05 2.0184773388226276e+22
4.9999999999999996e-05 1.902972751236023e+22
5.0249999999999995e-05 1.793671602578455e+22
5.05e-05 1.6902653691933967e+22
5.075e-05 1.5924594441465442e+22
5.1e-05 1.4999725881325152e+22
5.125e-05 1.4125363979243577e+22
5.15e-05 1.3298947920132649e+22
5.175e-05 1.2518035130822729e+22
5.2e-05 1.1780296469548494e+22
5.2249999999999996e-05 1.108351157657034e+22
5.2499999999999995e-05 1.0425564382302501e+22
5.2749999999999995e-05 9.80443876930949e+21
5.3e-05 9.218214384529084e+21
5.325e-05 8.665062598082055e+21
5.35e-05 8.143242605036307e+21
5.375e-05 7.651097666505545e+21
5.4e-05 7.187051486479673e+21
5.425e-05 6.749604720805878e+21
5.4499999999999997e-05 6.337331614765097e+21
5.4749999999999996e-05 5.948876765718357e+21
5.4999999999999995e-05 5.582952007330842e+21
5.5249999999999994e-05 5.238333411918441e+21
5.55e-05 4.913858407501445e+21
5.575e-05 4.608423006192962e+21
5.6e-05 4.320979140595261e+21
5.625e-05 4.050532104925258e+21
5.65e-05 3.7961380976406734e+21
5.675e-05 3.5569018623907217e+21
5.6999999999999996e-05 3.331974424169347e+21
5.7249999999999996e-05 3.1205509176048154e+21
5.7499999999999995e-05 2.921868504376718e+21
5.7749999999999994e-05 2.7352043768099473e+21
5.8e-05 2.5598738447548227e+21
5.825e-05 2.3952285029230534e+21
5.85e-05 2.2406544759105383e+21
5.875e-05 2.0955707381999663e+21
5.9e-05 1.9594275064985006e+21
5.925e-05 1.8317047018286717e+21
5.9499999999999996e-05 1.7119104788535037e+21
5.9749999999999995e-05 1.5995798199799707e+21
5.9999999999999995e-05 1.4942731918479267e+21
6.0249999999999994e-05 1.3955752618745232e+21
6.05e-05 1.3030936725868454e+21
6.075e-05 1.2164578715377965e+21
6.1e-05 1.1353179946622275e+21
6.125e-05 1.0593438009917201e+21
6.149999999999999e-05 9.882236567073088e+20
6.175e-05 9.216635665696195e+20
6.2e-05 8.593862508254302e+20
6.225e-05 8.011302657483709e+20
6.25e-05 7.466491660294002e+20
6.275e-05 6.957107072897154e+20
6.3e-05 6.480960870448727e+20
6.324999999999999e-05 6.035992225040313e+20
6.35e-05 5.620260636423886e+20
6.374999999999999e-05 5.231939400379944e+20
6.4e-05 4.869309400161822e+20
6.425e-05 4.530753206958464e+20
6.45e-05 4.2147494758165394e+20
6.475e-05 3.9198676239504395e+20
6.5e-05 3.644762778844795e+20
6.525e-05 3.3881709840189784e+20
6.549999999999999e-05 3.148904650776176e+20
6.575e-05 2.925848244701349e+20
6.599999999999999e-05 2.7179541961023875e+20
6.625e-05 2.5242390240071762e+20
6.65e-05 2.3437796637362278e+20
6.675e-05 2.175709988465784e+20
6.7e-05 2.019217515580203e+20
6.725e-05 1.8735402889848744e+20
6.75e-05 1.7379639289121312e+20
6.775e-05 1.611818841102632e+20
6.8e-05 1.4944775775836406e+20
6.824999999999999e-05 1.3853523415937596e+20
6.85e-05 1.2838926295209615e+20
6.874999999999999e-05 1.1895830030275727e+20
6.9e-05 1.1019409848322043e+20
6.925e-05 1.0205150719047813e+20
6.95e-05 9.44882860106971e+19
6.975e-05 8.746492745765952e+19
7e-05 8.09444900411324e+19
7.025e-05 7.489244084542285e+19
7.049999999999999e-05 6.927650712218585e+19
7.075e-05 6.406653642446402e+19
7.099999999999999e-05 5.923436483097486e+19
7.125e-05 5.475369283084457e+19
7.15e-05 5.059996845934057e+19
7.175e-05 4.675027729469977e+19
7.2e-05 4.3183238944907805e+19
7.225e-05 3.987890967128144e+19
7.25e-05 3.681869081296093e+19
7.274999999999999e-05 3.3985242692956803e+19
7.3e-05 3.136240370223473e+19
7.324999999999999e-05 2.8935114273490645e+19
7.35e-05 2.6689345470780576e+19
7.374999999999999e-05 2.4612031935053627e+19
7.4e-05 2.269100893890911e+19
7.425e-05 2.091495331658349e+19
7.45e-05 1.9273328047288197e+19
7.475e-05 1.7756330281586962e+19
7.5e-05 1.6354842611540533e+19
7.525e-05 1.5060387395876188e+19
7.549999999999999e-05 1.3865083961479643e+19
7.575e-05 1.2761608512075e+19
7.599999999999999e-05 1.1743156584073306e+19
7.625e-05 1.080340789824944e+19
7.65e-05 9.93649346416764e+18
7.675e-05 9.136964802134897e+18
7.7e-05 8.39976515493501e+18
7.725e-05 7.720202568700109e+18
7.75e-05 7.093924729026392e+18
7.774999999999999e-05 6.516895444851622e+18
7.8e-05 5.985372678698101e+18
7.824999999999999e-05 5.495888027660369e+18
7.85e-05 5.04522756499546e+18
7.874999999999999e-05 4.630413957368167e+18
7.9e-05 4.2486897777273334e+18
7.925e-05 3.8975019384537477e+18
7.95e-05 3.5744871738377733e+18
7.975e-05 3.277458505126701e+18
7.999999999999999e-05 3.004392625339012e+18
8.025e-05 2.7534181447858417e+18
8.049999999999999e-05 2.522804641779158e+18
8.075e-05 2.3109524663512366e+18
8.099999999999999e-05 2.1163832479704663e+18
8.125e-05 1.9377310612231846e+18
8.15e-05 1.773734206249076e+18
8.175e-05 1.6232275633766623e+18
8.2e-05 1.4851354839138445e+18
8.225e-05 1.358465181413748e+18
8.25e-05 1.2423005899656827e+18
8.274999999999999e-05 1.135796658161858e+18
8.3e-05 1.0381740493692015e+18
8.324999999999999e-05 9.48714220798727e+17
8.35e-05 8.667548556183808e+17
8.375e-05 7.91685624005064e+17
8.4e-05 7.229442505831087e+17
8.425e-05 6.600128671552024e+17
8.45e-05 6.0241463100264e+17
8.475e-05 5.497105903196792e+17
8.499999999999999e-05 5.0149677955623226e+17
8.525e-05 4.574015285785287e+17
8.549999999999999e-05 4.1708297062289e+17
8.575e-05 3.8022673501726605e+17
8.599999999999999e-05 3.465438115824902e+17
8.625e-05 3.157685745038445e+17
8.65e-05 2.8765695428686774e+17
8.675e-05 2.6198474718260048e+17
8.7e-05 2.385460521896702e+17
8.724999999999999e-05 2.1715182641666058e+17
8.75e-05 1.9762855022080166e+17
8.774999999999999e-05 1.79816994130755e+17
8.8e-05 1.635710801145839e+17
8.824999999999999e-05 1.4875683027120634e+17
8.85e-05 1.3525139650692053e+17
8.875e-05 1.2294216521002125e+17
8.9e-05 1.117259313580566e+17
8.925e-05 1.0150813688573782e+17
8.95e-05 9.220216850865677e+16
8.975e-05 8.372871054042147e+16
8.999999999999999e-05 7.601514856013907e+16
9.025e-05 6.8995020084813944e+16
9.049999999999999e-05 6.26075086785573e+16
9.075e-05 5.679697818882072e+16
9.099999999999999e-05 5.151254404038056e+16
9.125e-05 4.670767874166181e+16
9.15e-05 4.233984896627302e+16
9.175e-05 3.837018176633923e+16
9.2e-05 3.4763157654318028e+16
9.224999999999999e-05 3.1486328457357372e+16
9.25e-05 2.8510058003738056e+16
9.274999999999999e-05 2.5807283845325708e+16
9.3e-05 2.335329835397127e+16
9.324999999999999e-05 2.112554765413586e+16
9.35e-05 1.9103446969320956e+16
9.375e-05 1.7268211066762674e+16
9.4e-05 1.5602698583864568e+16
9.425e-05 1.4091269111525746e+16
9.449999999999999e-05 1.271965199436323e+16
9.475e-05 1.1474825886290814e+16
9.499999999999999e-05 1.0344908172430448e+16
9.525e-05 9319053435296952.0
9.549999999999999e-05 8387360204986071.0
9.575e-05 7540785290055288.0
9.6e-05 6771065038240126.0
9.625e-05 6070642924393269.0
9.65e-05 5432602907348262.0
9.675e-05 4850608038049070.0
9.7e-05 4318843838488761.0
9.724999999999999e-05 3831966004982878.5
9.75e-05 3385052020266299.5
9.774999999999999e-05 2973556287030502.5
9.8e-05 2593268420979141.5
9.824999999999999e-05 2240274364426571.5
9.85e-05 1910920002035139.5
9.875e-05 1601776978607397.5
9.9e-05 1309610435030599.0
9.925e-05 1031348392612003.2
9.949999999999999e-05 764052528231446.0
9.975e-05 504890093047536.5
9.999999999999999e-05 251106735989421.94
