2.5e-07 1.5138983674336306e+28
5e-07 1.5122879041363186e+28
7.5e-07 1.5090721555567167e+28
1e-06 1.5042614497624461e+28
1.2499999999999999e-06 1.4978712091619617e+28
1.5e-06 1.489921867467503e+28
1.75e-06 1.480438759963618e+28
2e-06 1.469451987912705e+28
2.25e-06 1.4569962581214098e+28
2.4999999999999998e-06 1.4431106988741494e+28
2.75e-06 1.4278386536106717e+28
3e-06 1.4112274538818524e+28
3.25e-06 1.3933281732604867e+28
3.5e-06 1.3741953640103005e+28
3.7499999999999997e-06 1.3538867784258324e+28
4e-06 1.3324630768472256e+28
4.25e-06 1.309987524426781e+28
4.5e-06 1.28652567877781e+28
4.749999999999999e-06 1.2621450706707276e+28
4.9999999999999996e-06 1.2369148799563728e+28
5.25e-06 1.2109056088924446e+28
5.5e-06 1.1841887550261262e+28
5.75e-06 1.1568364857449695e+28
6e-06 1.1289213165497652e+28
6.2499999999999995e-06 1.1005157950283458e+28
6.5e-06 1.0716921924191913e+28
6.75e-06 1.0425222045495482e+28
7e-06 1.0130766638159628e+28
7.25e-06 9.834252637470544e+27
7.499999999999999e-06 9.536362975506399e+27
7.75e-06 9.237764119015623e+27
8e-06 8.939103770743951e+27
8.249999999999999e-06 8.64100874368309e+27
8.5e-06 8.344083016114428e+27
8.75e-06 8.048905973707548e+27
9e-06 7.75603084332201e+27
9.25e-06 7.465983321566572e+27
9.499999999999999e-06 7.179260399608561e+27
9.75e-06 6.896329384210164e+27
9.999999999999999e-06 6.617627113511971e+27
1.025e-05 6.343559364697708e+27
1.05e-05 6.074500449369298e+27
1.0749999999999999e-05 5.810792991246387e+27
1.1e-05 5.552747879687758e+27
1.1249999999999999e-05 5.300644391519637e+27
1.15e-05 5.054730472752911e+27
1.175e-05 4.815223170981359e+27
1.2e-05 4.582309208578285e+27
1.225e-05 4.3561456862504e+27
1.2499999999999999e-05 4.1368609060650337e+27
1.275e-05 3.9245553027380837e+27
1.3e-05 3.719302471752932e+27
1.325e-05 3.521150282771029e+27
1.35e-05 3.330122066788177e+27
1.3749999999999999e-05 3.1462178655813827e+27
1.4e-05 2.969415732173034e+27
1.4249999999999999e-05 2.79967307130534e+27
1.45e-05 2.6369280092609466e+27
1.475e-05 2.481100782777857e+27
1.4999999999999999e-05 2.3320951372799808e+27
1.525e-05 2.1897997251708487e+27
1.55e-05 2.0540894955088856e+27
1.575e-05 1.9248270669900322e+27
1.6e-05 1.8018640767993992e+27
1.625e-05 1.6850424985501395e+27
1.6499999999999998e-05 1.5741959231974173e+27
1.675e-05 1.4691507974910041e+27
1.7e-05 1.3697276152049204e+27
1.725e-05 1.2757420570504667e+27
1.75e-05 1.1870060758341063e+27
1.7749999999999998e-05 1.1033289240588404e+27
1.8e-05 1.0245181217822949e+27
1.825e-05 9.503803631325818e+26
1.85e-05 8.807223604407318e+26
1.875e-05 8.15351625473042e+26
1.8999999999999998e-05 7.540771877358585e+26
1.925e-05 6.967102502771495e+26
1.95e-05 6.430647838225565e+26
1.975e-05 5.9295806045759445e+26
1.9999999999999998e-05 5.4621112840199755e+26
2.0249999999999998e-05 5.026492297170153e+26
2.05e-05 4.6210216304223876e+26
2.075e-05 4.2440459367617465e+26
2.1e-05 3.893963134954489e+26
2.1249999999999998e-05 3.569224533527125e+26
2.1499999999999997e-05 3.268336507046999e+26
2.175e-05 2.9898617530140967e+26
2.2e-05 2.732420158170302e+26
2.225e-05 2.4946893032528064e+26
2.2499999999999998e-05 2.2754046351846394e+26
2.2749999999999997e-05 2.0733593354312124e+26
2.3e-05 1.8874039127803248e+26
2.325e-05 1.7164455481478585e+26
2.35e-05 1.5594472181952673e+26
2.3749999999999998e-05 1.4154266235905732e+26
2.4e-05 1.2834549466735204e+26
2.425e-05 1.1626554621187364e+26
2.45e-05 1.0522020229479434e+26
2.475e-05 9.513174429420515e+25
2.4999999999999998e-05 8.592717951636927e+25
2.525e-05 7.753806449364392e+25
2.55e-05 6.990032342532368e+25
2.575e-05 6.295406332167024e+25
2.6e-05 5.664338727597748e+25
2.6249999999999998e-05 5.091620715672119e+25
2.65e-05 4.572405688257525e+25
2.675e-05 4.102190731811903e+25
2.7e-05 3.6767983708072215e+25
2.7249999999999998e-05 3.292358645341086e+25
2.7499999999999998e-05 2.945291592416256e+25
2.775e-05 2.6322901901375713e+25
2.8e-05 2.3503038144924327e+25
2.825e-05 2.096522249458654e+25
2.8499999999999998e-05 1.8683602829273317e+25
2.8749999999999997e-05 1.6634429133368673e+25
2.9e-05 1.4795911849794694e+25
2.925e-05 1.3148086636497705e+25
2.95e-05 1.1672685586384817e+25
2.9749999999999998e-05 1.0353014920099673e+25
2.9999999999999997e-05 9.173839116158001e+24
3.025e-05 8.121271403585788e+24
3.05e-05 7.1826705080139e+24
3.0749999999999995e-05 6.346543512866819e+24
3.1e-05 5.602454672514258e+24
3.125e-05 4.940939993702299e+24
3.15e-05 4.353427384914582e+24
3.175e-05 3.832162160205663e+24
3.2e-05 3.3701376741758127e+24
3.225e-05 2.961030857806241e+24
3.25e-05 2.599142420543085e+24
3.2749999999999996e-05 2.2793414820181917e+24
3.2999999999999996e-05 1.9970143968490286e+24
3.325e-05 1.748017537809009e+24
3.35e-05 1.5286338060587944e+24
3.375e-05 1.3355326418513545e+24
3.4e-05 1.1657333149579605e+24
3.425e-05 1.0165712808148824e+24
3.45e-05 8.856673958842045e+23
3.475e-05 7.708997937958095e+23
3.5e-05 6.703782323460963e+23
3.5249999999999996e-05 5.824207302424431e+23
3.5499999999999996e-05 5.055323214853677e+23
3.575e-05 4.383857643711369e+23
3.6e-05 3.798040511874595e+23
3.625e-05 3.2874457368727584e+23
3.65e-05 2.8428480829509645e+23
3.675e-05 2.456093936717719e+23
3.7e-05 2.1199848169142627e+23
3.725e-05 1.8281725103157857e+23
3.75e-05 1.5750648041504047e+23
3.7749999999999996e-05 1.3557408604784237e+23
3.7999999999999995e-05 1.1658753495523697e+23
3.825e-05 1.0016705271731908e+23
3.85e-05 8.59795505413454e+22
3.875e-05 7.373320267798949e+22
3.9e-05 6.317261089567188e+22
3.925e-05 5.40744980759462e+22
3.95e-05 4.624387799144376e+22
3.975e-05 3.9510652985908054e+22
3.9999999999999996e-05 3.372659560490909e+22
4.0249999999999996e-05 2.876267423875185e+22
4.0499999999999995e-05 2.4506686549709872e+22
4.075e-05 2.0861167878561153e+22
4.1e-05 1.7741544975458984e+22
4.125e-05 1.5074508292654178e+22
4.15e-05 1.2796578726754856e+22
4.175e-05 1.0852847121209808e+22
4.2e-05 9.195867050424151e+21
4.225e-05 7.784683419893656e+21
4.2499999999999996e-05 6.583981246058171e+21
4.2749999999999996e-05 5.563340638786535e+21
4.2999999999999995e-05 4.696585511500243e+21
4.325e-05 3.961214901293982e+21
4.35e-05 3.337907005749473e+21
4.375e-05 2.8100871455415594e+21
4.4e-05 2.3635518528182e+21
4.425e-05 1.986142174455941e+21
4.45e-05 1.6674600757576791e+21
4.475e-05 1.3986225424433055e+21
4.4999999999999996e-05 1.1720486147438468e+21
4.5249999999999995e-05 9.812751543109002e+20
4.5499999999999995e-05 8.207976491928141e+20
4.575e-05 6.859328104641063e+20
4.6e-05 5.727001118703439e+20
4.625e-05 4.7771977622979845e+20
4.65e-05 3.981250240255347e+20
4.675e-05 3.314866749135884e+20
4.7e-05 2.757484356566165e+20
4.7249999999999997e-05 2.2917142179391642e+20
4.7499999999999996e-05 1.9028664836551456e+20
4.7749999999999995e-05 1.5785439009545395e+20
4.8e-05 1.3082945619587111e+20
4.825e-05 1.0833155170431368e+20
4.85e-05 8.9620008096975e+19
4.875e-05 7.407226269590985e+19
4.9e-05 6.116555077536458e+19
4.925e-05 5.046134775686706e+19
4.95e-05 4.1592162786878554e+19
4.9749999999999996e-05 3.4250340489163653e+19
4.9999999999999996e-05 2.8178575818136834e+19
5.0249999999999995e-05 2.3161888631318004e+19
5.05e-05 1.9020840663494197e+19
5.075e-05 1.560580874111948e+19
5.1e-05 1.279215495607557e+19
5.125e-05 1.0476157679962798e+19
5.15e-05 8.571587232439122e+18
5.175e-05 7.006827148274945e+18
5.2e-05 5.722456692761338e+18
5.2249999999999996e-05 4.669222881602192e+18
5.2499999999999995e-05 3.8063410553544e+18
5.2749999999999995e-05 3.100072288939118e+18
5.3e-05 2.522533800401135e+18
5.325e-05 2.0507052481369454e+18
5.35e-05 1.66559953546617e+18
5.375e-05 1.35157161704099e+18
5.4e-05 1.0957429454168102e+18
5.425e-05 8.875227137072524e+17
5.4499999999999997e-05 7.182100326472168e+17
5.4749999999999996e-05 5.806637059761975e+17
5.4999999999999995e-05 4.690284042359306e+17
5.5249999999999994e-05 3.7850784173467994e+17
5.55e-05 3.051770842018187e+17
5.575e-05 2.4582739804834976e+17
5.6e-05 1.9783813251438966e+17
5.625e-05 1.5907103437077782e+17
5.65e-05 1.2778315772955862e+17
5.675e-05 1.0255517146289653e+17
5.6999999999999996e-05 8.223240291914022e+16
5.7249999999999996e-05 6.587640535845761e+16
5.7499999999999995e-05 5.2725211638217656e+16
5.7749999999999994e-05 4.2160749878196616e+16
5.8e-05 3.3682158043933364e+16
5.825e-05 2.6883951983750812e+16
5.85e-05 2.143818251484353e+16
5.875e-05 1.7079867639486904e+16
5.9e-05 1.3595110904290416e+16
5.925e-05 1.0811420514980864e+16
5.9499999999999996e-05 8589829631686551.0
5.9749999999999995e-05 6818489268675955.0
5.9999999999999995e-05 5407463898991597.0
6.0249999999999994e-05 4284508302576753.0
6.05e-05 3391644137940547.0
6.075e-05 2682387615736552.5
6.1e-05 2119506719550667.2
6.125e-05 1673208663554202.2
6.149999999999999e-05 1319676537407712.2
6.175e-05 1039889062687372.9
6.2e-05 818669650179406.9
6.225e-05 643920982588254.4
6.25e-05 506009548890474.0
6.275e-05 397271252366544.9
6.3e-05 311614674749326.06
6.324999999999999e-05 244203026997728.72
6.35e-05 191199436659606.3
6.374999999999999e-05 149563163775316.5
6.4e-05 116886725993295.48
6.425e-05 91265850960240.64
6.45e-05 71195743681084.0
6.475e-05 55488426849162.016
6.5e-05 43206939094844.48
6.525e-05 33613005416336.484
6.549999999999999e-05 26125463051522.24
6.575e-05 20287265136684.184
6.599999999999999e-05 15739318436359.896
6.625e-05 12199760353188.807
6.65e-05 9447560692319.078
6.675e-05 7309558531439.894
6.7e-05 5650224788904.612
6.725e-05 4363585394320.0864
6.75e-05 3366855387720.6733
6.775e-05 2595426490579.497
6.8e-05 1998924291404.2075
6.824999999999999e-05 1538109867021.5442
6.85e-05 1182447393436.0818
6.874999999999999e-05 908196479904.4622
6.9e-05 696917508222.2291
6.925e-05 534301717849.184
6.95e-05 409256381873.8655
6.975e-05 313190157929.28577
7e-05 239455362827.7529
7.025e-05 182913141521.68805
7.049999999999999e-05 139594783971.24936
7.075e-05 106438189242.04706
7.099999999999999e-05 81083004405.59781
7.125e-05 61711530834.29491
7.15e-05 46925294245.77487
7.175e-05 35649377622.0754
7.2e-05 27058344934.869102
7.225e-05 20518939024.678745
7.25e-05 15545798554.123665
7.274999999999999e-05 11767269526.498796
7.3e-05 8899036026.561712
7.324999999999999e-05 6723801697.805167
7.35e-05 5075648808.306001
7.374999999999999e-05 3828009794.8037443
7.4e-05 2884425943.241256
7.425e-05 2171454302.08428
7.45e-05 1633228745.6431036
7.475e-05 1227293482.9691548
7.5e-05 921414422.165498
7.525e-05 691141260.7741872
7.549999999999999e-05 517945360.8491114
7.575e-05 387798798.921512
7.599999999999999e-05 290091118.140039
7.625e-05 216804324.04837957
7.65e-05 161885167.34157667
7.675e-05 120767997.34773076
7.7e-05 90012419.31974038
7.725e-05 67028398.94650163
7.75e-05 49867911.025692716
7.774999999999999e-05 37067176.24746123
7.8e-05 27527318.372483157
7.824999999999999e-05 20424172.199782263
7.85e-05 15140187.56597404
7.874999999999999e-05 11213065.58020987
7.9e-05 8297052.9935095
7.925e-05 6133803.259276333
7.95e-05 4530460.806799514
7.975e-05 3343193.8026062283
7.999999999999999e-05 2464832.720772238
8.025e-05 1815599.9128958005
8.049999999999999e-05 1336163.9316664666
8.075e-05 982440.6131882517
8.099999999999999e-05 721705.3541620037
8.125e-05 529688.675694604
8.15e-05 388408.45524880674
8.175e-05 284553.52814225823
8.2e-05 208279.5698112597
8.225e-05 152312.9584506959
8.25e-05 111284.48154369439
8.274999999999999e-05 81234.4077733159
8.3e-05 59245.20096446551
8.324999999999999e-05 43169.21684522006
8.35e-05 31427.011630069857
8.375e-05 22858.09402808746
8.4e-05 16610.589488683952
8.425e-05 12059.748956446072
8.45e-05 8747.818653767654
8.475e-05 6339.713733212384
8.499999999999999e-05 4590.373125456779
8.525e-05 3320.740079537613
8.549999999999999e-05 2400.1060220705745
8.575e-05 1733.1442425951157
8.599999999999999e-05 1250.3967123261568
8.625e-05 901.3010203016954
8.65e-05 649.0840256812961
8.675e-05 467.0260354574205
8.7e-05 335.7302469258349
8.724999999999999e-05 241.1288358006778
8.75e-05 173.02833367336112
8.774999999999999e-05 124.04943583592099
8.8e-05 88.85501600370772
8.824999999999999e-05 63.588530593637394
8.85e-05 45.46585996398025
8.875e-05 32.47894456971412
8.9e-05 23.180797916665014
8.925e-05 16.529698277437493
8.95e-05 11.77637542243454
8.975e-05 8.382404746827273
8.999999999999999e-05 5.961231388688698
9.025e-05 4.235588874390609
9.049999999999999e-05 3.006783680966913
9.075e-05 2.1325598883249355
9.099999999999999e-05 1.5111621047433474
9.125e-05 1.0698717970691436
9.15e-05 0.7567691017888508
9.175e-05 0.5348181206706082
9.2e-05 0.3776243631295669
9.224999999999999e-05 0.26639444877884805
9.25e-05 0.1877594092518245
9.274999999999999e-05 0.13221773927912048
9.3e-05 0.09302278215503282
9.324999999999999e-05 0.06538838412483924
9.35e-05 0.045922304417011665
9.375e-05 0.03222245545541505
9.4e-05 0.022589446284343544
9.425e-05 0.015822118675168816
9.449999999999999e-05 0.01107225020967099
9.475e-05 0.007741398929601218
9.499999999999999e-05 0.005407735046827029
9.525e-05 0.0037741907913226
9.549999999999999e-05 0.0026317513438841294
9.575e-05 0.0018334895528814223
9.6e-05 0.0012762170606318566
9.625e-05 0.0008875297436565079
9.65e-05 0.0006166700910608152
9.675e-05 0.000428087862616191
9.7e-05 0.00029690643321681186
9.724999999999999e-05 0.00020573378224160953
9.75e-05 0.00014242136306615187
9.774999999999999e-05 9.849052341916148e-05
9.8e-05 6.802859352777611e-05
9.824999999999999e-05 4.6915079666203295e-05
9.85e-05 3.227961220272473e-05
9.875e-05 2.212238518672158e-05
9.9e-05 1.504832738909472e-05
9.925e-05 1.0080670291004531e-05
9.949999999999999e-05 6.5297007937346e-06
9.975e-05 3.899556766125183e-06
9.999999999999999e-05 1.8208204886479474e-06
