0.00375 0.000182742
0.0075 0.000182742
0.01125 0.00101997
0.015 0.0011593
0.01875 0.0011593
0.0225 0.00209807
0.02625 0.00200849
0.03 0.00233133
0.03375 0.00298113
0.0375 0.00307665
0.04125 0.00318164
0.045 0.00412477
0.04875 0.00404562
0.0525 0.00424505
0.05625 0.00500957
0.06 0.00511652
0.06375 0.0050353
0.0675 0.00609589
0.07125 0.00599242
0.075 0.00610293
0.07875 0.00703925
0.0825 0.00713076
0.08625 0.00697573
0.09 0.008123
0.09375 0.00785168
0.0975 0.00814436
0.10125 0.00908936
0.105 0.00892965
0.10875 0.00901824
0.1125 0.0101748
0.11625 0.0100521
0.12 0.0100945
0.12375 0.0110608
0.1275 0.0111339
0.13125 0.011233
0.135 0.0121282
0.13875 0.0120533
0.1425 0.0119578
0.14625 0.0132961
0.15 0.0129957
0.15375 0.0130369
0.1575 0.0141835
0.16125 0.014079
0.165 0.0141607
0.16875 0.0153317
0.1725 0.014964
0.17625 0.0150859
0.18 0.0160427
0.18375 0.0163141
0.1875 0.0159679
0.19125 0.0171315
0.195 0.0170128
0.19875 0.0171122
0.2025 0.0182636
0.20625 0.0180999
0.21 0.0179974
0.21375 0.0193549
0.2175 0.0190486
0.22125 0.019327
0.225 0.0202774
0.22875 0.02016
0.2325 0.0202536
0.23625 0.0212227
0.24 0.0210612
0.24375 0.0211422
0.2475 0.022316
0.25125 0.0221954
0.255 0.0222924
0.25875 0.0232104
0.2625 0.0233099
0.26625 0.0249799
0.27 0.0245809
0.27375 0.0242034
0.2775 0.0258635
0.28125 0.0254778
0.285 0.02536
0.28875 0.0270065
0.2925 0.0263679
0.29625 0.026065
0.3 0.0278793
0.30375 0.0273266
0.3075 0.0274275
0.31125 0.0288019
0.315 0.0284594
0.31875 0.0283267
0.3225 0.0299845
0.32625 0.0293602
0.33 0.0294278
0.33375 0.0308625
0.3375 0.0305004
0.34125 0.0303996
0.345 0.03179
0.34875 0.0316368
0.3525 0.031324
0.35625 0.0331419
0.36 0.0326029
0.36375 0.0324293
0.3675 0.0354138
0.37125 0.0337121
0.375 0.0335795
0.37875 0.0367148
0.3825 0.0344338
0.38625 0.034519
0.39 0.0373225
0.39375 0.0358007
0.3975 0.035427
0.40125 0.0389447
0.405 0.0367116
0.40875 0.0366007
0.4125 0.0394178
0.41625 0.0378276
0.42 0.0375123
0.42375 0.0412308
0.4275 0.0388201
0.43125 0.0387035
0.435 0.0417973
0.43875 0.0397466
0.4425 0.0441354
0.44625 0.0410397
0.45 0.040867
0.45375 0.044994
0.4575 0.0421782
0.46125 0.0420553
0.465 0.046067
0.46875 0.0431227
0.4725 0.0429737
0.47625 0.0466257
0.48 0.0442802
0.48375 0.0439684
0.4875 0.0481085
0.49125 0.0478068
0.495 0.0478215
0.49875 0.0487348
0.5025 0.0485917
0.50625 0.0483313
0.51 0.0479291
0.51375 0.0475719
0.5175 0.0472318
0.52125 0.0511685
0.525 0.0482877
0.52875 0.0483697
0.5325 0.0519291
0.53625 0.0497123
0.54 0.0493269
0.54375 0.0531424
0.5475 0.0506503
0.55125 0.0503225
0.555 0.0548778
0.55875 0.0515781
0.5625 0.051271
0.56625 0.0552913
0.57 0.0526192
0.57375 0.0578441
0.5775 0.0538796
0.58125 0.0537692
0.585 0.0587828
0.58875 0.0551147
0.5925 0.0549529
0.59625 0.0597766
0.6 0.0562684
0.60375 0.0559261
0.6075 0.0604574
0.61125 0.0572689
0.615 0.0571012
0.61875 0.0619568
0.6225 0.0584416
0.62625 0.0579015
0.63 0.0626479
0.63375 0.0591831
0.6375 0.0590883
0.64125 0.0641782
0.645 0.0604371
0.64875 0.0603043
0.6525 0.0646156
0.65625 0.0616155
0.66 0.0612696
0.66375 0.0665808
0.6675 0.0626189
0.67125 0.0684843
0.675 0.0639764
0.67875 0.0638206
0.6825 0.0692481
0.68625 0.0651881
0.69 0.0645892
0.69375 0.0698628
0.6975 0.066175
0.70125 0.0658599
0.705 0.0678115
0.70875 0.0671604
0.7125 0.066826
0.71625 0.0727742
0.72 0.0684199
0.72375 0.0680762
0.7275 0.0728674
0.73125 0.0692137
0.735 0.0692948
0.73875 0.0737028
0.7425 0.0706742
0.74625 0.0701378
0.75 0.0749672
0.75375 0.0714404
0.7575 0.0776118
0.76125 0.0730727
0.765 0.0727416
0.76875 0.0782507
0.7725 0.0740741
0.77625 0.0737365
0.78 0.0792582
0.78375 0.0753495
0.7875 0.0747477
0.79125 0.0802406
0.795 0.0761714
0.79875 0.07603
0.8025 0.0810496
0.80625 0.077392
0.81 0.0770386
0.81375 0.0823622
0.8175 0.0786525
0.82125 0.0853936
0.825 0.0803143
0.82875 0.0794793
0.8325 0.0860267
0.83625 0.0811218
0.84 0.080777
0.84375 0.0867229
0.8475 0.0821563
0.85125 0.0816168
0.855 0.0877287
0.85875 0.0832504
0.8625 0.0831193
0.86625 0.0887784
0.87 0.0842879
0.87375 0.0841722
0.8775 0.089594
0.88125 0.0855893
0.885 0.0926337
0.88875 0.0870026
0.8925 0.0866525
0.89625 0.0933
0.9 0.0881144
0.90375 0.0877743
0.9075 0.0942579
0.91125 0.0893883
0.915 0.0888316
0.91875 0.0950519
0.9225 0.0905024
0.92625 0.0901693
0.93 0.0961655
0.93375 0.0913593
0.9375 0.0991905
0.94125 0.093054
0.945 0.0926803
0.94875 0.0999217
0.9525 0.0941414
0.95625 0.0939997
0.96 0.100436
0.96375 0.0954641
0.9675 0.0919318
0.97125 0.096235
0.975 0.0869259
0.97875 0.0867149
0.9825 0.0963231
0.98625 0.087236
0.99 0.0996972
0.99375 0.087806
0.9975 0.0876034
1.00125 0.0999848
1.005 0.0884482
1.00875 0.0883438
1.0125 0.100586
1.01625 0.0892718
1.02 0.08917
1.02375 0.101544
1.0275 0.0902763
1.03125 0.104502
1.035 0.0915653
1.03875 0.0915225
1.0425 0.104882
1.04625 0.092787
1.05 0.0925091
1.05375 0.105788
1.0575 0.0941622
1.06125 0.0940527
1.065 0.106916
1.06875 0.0953918
1.0725 0.110005
1.07625 0.0975221
1.08 0.0973395
1.08375 0.110667
1.0875 0.0996725
1.09125 0.0991934
1.095 0.111738
1.09875 0.101944
1.1025 0.101279
1.10625 0.113336
1.11 0.104493
1.11375 0.117302
1.1175 0.108508
1.12125 0.107985
1.125 0.122385
1.12875 0.115628
1.1325 0.115523
1.13625 0.116281
1.14 0.104816
1.14375 0.120504
1.1475 0.107958
1.15125 0.107718
1.155 0.121127
1.15875 0.110937
1.1625 0.110208
1.16625 0.122224
1.17 0.113211
1.17375 0.112924
1.1775 0.124496
1.18125 0.11598
1.185 0.128446
1.18875 0.119336
1.1925 0.118736
1.19625 0.129679
1.2 0.121849
1.20375 0.121512
1.2075 0.131657
1.21125 0.124907
1.215 0.135785
1.21875 0.12803
1.2225 0.127453
1.22625 0.137457
1.23 0.130637
1.23375 0.130336
1.2375 0.139867
1.24125 0.133515
1.245 0.143822
1.24875 0.136932
1.2525 0.136362
1.25625 0.145928
1.26 0.139581
1.26375 0.139235
1.2675 0.147706
1.27125 0.142727
1.275 0.1519
1.27875 0.145694
1.2825 0.145355
1.28625 0.153968
1.29 0.148879
1.29375 0.148082
1.2975 0.156633
1.30125 0.151372
1.305 0.159922
1.30875 0.154613
1.3125 0.153812
1.31625 0.159499
1.32 0.153972
1.32375 0.161767
1.3275 0.154589
1.33125 0.153778
1.335 0.160391
1.33875 0.153885
1.3425 0.153538
1.34625 0.159522
1.35 0.153693
1.35375 0.161515
1.3575 0.154093
1.36125 0.153275
1.365 0.150189
1.36875 0.149297
1.3725 0.161261
1.37625 0.151292
1.38 0.150511
1.38375 0.161202
1.3875 0.152511
1.39125 0.151914
1.395 0.161931
1.39875 0.153944
1.4025 0.164656
1.40625 0.15542
1.41 0.154883
1.41375 0.165037
1.4175 0.15689
1.42125 0.16862
1.425 0.158956
1.42875 0.157919
1.4325 0.168837
1.43625 0.159938
1.44 0.172565
1.44375 0.161954
1.4475 0.160909
1.45125 0.17241
1.455 0.163239
1.45875 0.162677
1.4625 0.17319
1.46625 0.164491
1.47 0.176118
1.47375 0.166588
1.4775 0.165817
1.48125 0.176485
1.485 0.1676
1.48875 0.179398
1.4925 0.169708
1.49625 0.168943
1.5 0.18008
1.50375 0.171048
1.5075 0.183013
1.51125 0.17295
1.515 0.172393
1.51875 0.183498
1.5225 0.174524
1.52625 0.186428
1.53 0.176136
1.53375 0.175318
1.5375 0.186923
1.54125 0.177478
1.545 0.189919
1.54875 0.179699
1.5525 0.178658
1.55625 0.190676
1.56 0.180831
1.56375 0.193335
1.5675 0.182795
1.57125 0.182493
1.575 0.193885
1.57875 0.184385
1.5825 0.196477
1.58625 0.186151
1.59 0.201013
1.59375 0.188133
1.5975 0.187574
1.60125 0.200409
1.605 0.189581
1.60875 0.20354
1.6125 0.191873
1.61625 0.190822
1.62 0.20358
1.62375 0.192845
1.6275 0.206743
1.63125 0.195407
1.635 0.194625
1.63875 0.206992
1.6425 0.196647
1.64625 0.209809
1.65 0.198668
1.65375 0.213718
1.6575 0.200785
1.66125 0.200237
1.665 0.213186
1.66875 0.202063
1.6725 0.216705
1.67625 0.20416
1.68 0.203398
1.68375 0.216592
1.6875 0.205515
1.69125 0.219741
1.695 0.207654
1.69875 0.223438
1.7025 0.210086
1.70625 0.209286
1.71 0.22296
1.71375 0.211441
1.7175 0.225915
1.72125 0.213649
1.725 0.229952
1.72875 0.21583
1.7325 0.21508
1.73625 0.229345
1.74 0.217279
1.74375 0.232359
1.7475 0.219227
1.75125 0.236221
1.755 0.221775
1.75875 0.220943
1.7625 0.235425
1.76625 0.223203
1.77 0.238457
1.77375 0.22552
1.7775 0.242215
1.78125 0.227827
1.785 0.226781
1.78875 0.241696
1.7925 0.229104
1.79625 0.244394
1.8 0.23142
1.80375 0.247968
1.8075 0.233791
1.81125 0.233005
1.815 0.247681
1.81875 0.23538
1.8225 0.250708
1.82625 0.237442
1.83 0.253499
1.83375 0.239858
1.8375 0.257171
1.84125 0.242305
1.845 0.241265
1.84875 0.256746
1.8525 0.243733
1.85625 0.259871
1.86 0.246169
1.86375 0.262733
1.8675 0.248383
1.87125 0.266311
1.875 0.250618
1.87875 0.250131
1.8825 0.265771
1.88625 0.252379
1.89 0.268287
1.89375 0.254896
1.8975 0.271229
1.90125 0.257196
1.905 0.274476
1.90875 0.259498
1.9125 0.279046
1.91625 0.262117
1.92 0.282346
1.92375 0.26446
1.9275 0.30249
1.93125 0.309676
1.935 0.300855
1.93875 0.312823
1.9425 0.304171
1.94625 0.315993
1.95 0.307222
1.95375 0.319748
1.9575 0.31042
1.96125 0.323237
1.965 0.313063
1.96875 0.326914
1.9725 0.31585
1.97625 0.314872
1.98 0.326474
1.98375 0.317784
1.9875 0.329409
1.99125 0.320539
1.995 0.332448
1.99875 0.323351
2.0025 0.335039
2.00625 0.325464
2.01 0.338
2.01375 0.32789
2.0175 0.340121
2.02125 0.330166
2.025 0.342976
2.02875 0.332265
2.0325 0.345771
2.03625 0.334734
2.04 0.348365
2.04375 0.336439
2.0475 0.350173
2.05125 0.338267
2.055 0.352672
2.05875 0.339843
2.0625 0.354284
2.06625 0.341742
2.07 0.356365
2.07375 0.342826
2.0775 0.357624
2.08125 0.344084
2.085 0.358897
2.08875 0.344635
2.0925 0.359956
2.09625 0.345268
2.1 0.36077
2.10375 0.345142
2.1075 0.360187
2.11125 0.34427
2.115 0.359275
2.11875 0.342654
2.1225 0.354025
2.12625 0.335084
2.13 0.346342
2.13375 0.322899
2.1375 0.345793
2.14125 0.320292
2.145 0.346981
2.14875 0.319484
2.1525 0.348275
2.15625 0.318876
2.16 0.349741
2.16375 0.31954
2.1675 0.351338
2.17125 0.320199
2.175 0.35327
2.17875 0.320993
2.1825 0.356031
2.18625 0.322395
2.19 0.35814
2.19375 0.366297
2.1975 0.32631
2.20125 0.368005
2.205 0.328126
2.20875 0.369896
2.2125 0.330118
2.21625 0.372096
2.22 0.332495
2.22375 0.374825
2.2275 0.33517
2.23125 0.376991
2.235 0.386831
2.23875 0.341007
2.2425 0.387738
2.24625 0.343737
2.25 0.389645
2.25375 0.346756
2.2575 0.3917
2.26125 0.349596
2.265 0.39436
2.26875 0.404253
2.2725 0.357309
2.27625 0.405077
2.28 0.360514
2.28375 0.40717
2.2875 0.364445
2.29125 0.409686
2.295 0.419912
2.29875 0.373247
2.3025 0.420655
2.30625 0.377368
2.31 0.423201
2.31375 0.381214
2.3175 0.426006
2.32125 0.434605
2.325 0.391602
2.32875 0.437114
2.3325 0.397069
2.33625 0.440219
2.34 0.449753
2.34375 0.409289
2.3475 0.452662
2.35125 0.415006
2.355 0.456198
2.35875 0.466051
2.3625 0.429616
2.36625 0.470792
2.37 0.437897
2.37375 0.477063
2.3775 0.491998
2.38125 0.463114
2.385 0.472053
2.38875 0.481878
2.3925 0.478505
2.39625 0.484363
2.4 0.493088
2.40375 0.487882
2.4075 0.494149
2.41125 0.492224
2.415 0.497871
2.41875 0.503733
2.4225 0.501777
2.42625 0.507534
2.43 0.513987
2.43375 0.511745
2.4375 0.517709
2.44125 0.52419
2.445 0.521927
2.44875 0.527857
2.4525 0.534903
2.45625 0.532284
2.46 0.538915
2.46375 0.545669
2.4675 0.54371
2.47125 0.549643
2.475 0.556365
2.47875 0.565094
2.4825 0.560896
2.48625 0.567085
2.49 0.574597
2.49375 0.572349
2.4975 0.578773
2.50125 0.585484
2.505 0.59447
2.50875 0.590309
2.5125 0.597239
2.51625 0.604017
2.52 0.602897
2.52375 0.609533
2.5275 0.616706
2.53125 0.624249
2.535 0.622154
2.53875 0.629034
2.5425 0.636231
2.54625 0.644355
2.55 0.653307
2.55375 0.649911
2.5575 0.657217
2.56125 0.664869
2.565 0.672853
2.56875 0.683089
2.5725 0.679007
2.57625 0.686625
2.58 0.694473
2.58375 0.694562
2.5875 0.743828
2.59125 0.700426
2.595 0.744951
2.59875 0.753945
2.6025 0.76375
2.60625 0.7733
2.61 0.782784
2.61375 0.793665
2.6175 0.806403
2.62125 0.755899
2.625 0.805849
2.62875 0.81485
2.6325 0.824731
2.63625 0.83458
2.64 0.844915
2.64375 0.854776
2.6475 0.865443
2.65125 0.875861
2.655 0.886762
2.65875 0.896893
2.6625 0.90778
2.66625 0.917884
2.67 0.929028
2.67375 0.940036
2.6775 0.951054
2.68125 0.961486
2.685 0.973316
2.68875 0.984434
2.6925 0.996911
2.69625 1.00894
2.7 1.02047
2.70375 1.05326
2.7075 1.06541
2.71125 1.07678
2.715 1.08962
2.71875 1.10314
2.7225 1.13874
2.72625 1.15035
2.73 1.16348
2.73375 1.17814
2.7375 1.21396
2.74125 1.22913
2.745 1.24488
2.74875 1.28126
2.7525 1.29877
2.75625 1.33776
2.76 1.35722
2.76375 1.39774
2.7675 1.4485
2.77125 1.46401
2.775 1.50975
2.77875 1.56217
2.7825 1.61887
2.78625 1.63683
2.79 1.6908
2.79375 1.79072
2.7975 1.85469
2.80125 1.92258
2.805 2.0436
2.80875 2.12978
2.8125 2.2727
2.81625 2.51035
2.82 2.81666
2.82375 3.3552
2.8275 5.33286
2.83125 0
2.835 0
2.83875 0
2.8425 0
2.84625 0
2.85 0
2.85375 0
2.8575 0
2.86125 0
2.865 0
2.86875 0
2.8725 0
2.87625 0
2.88 0
2.88375 0
2.8875 0
2.89125 0
2.895 0
2.89875 0
2.9025 0
2.90625 0
2.91 0
2.91375 0
2.9175 0
2.92125 0
2.925 0
2.92875 0
2.9325 0
2.93625 0
2.94 0
2.94375 0
2.9475 0
2.95125 0
2.955 0
2.95875 0
2.9625 0
2.96625 0
2.97 0
2.97375 0
2.9775 0
2.98125 0
2.985 0
2.98875 0
2.9925 0
2.99625 0
3 0
