0.015 9.11061
0.02 9.11159
0.01 9.10991
0.005 9.1095
0.03 9.11437
0.035 9.11619
0.04 9.11828
0.025 9.11284
0.045 9.12066
0.05 9.12332
0.06 9.12948
0.055 9.12626
0.065 9.13299
0.07 9.13678
0.075 9.14086
0.08 9.14523
0.09 9.15484
0.085 9.14989
0.095 9.16008
0.1 9.16561
0.11 9.17757
0.115 9.184
0.105 9.17144
0.12 9.19073
0.13 9.2051
0.125 9.19776
0.135 9.21275
0.14 9.2207
0.15 9.23756
0.145 9.22897
0.155 9.24646
0.16 9.25569
0.165 9.26524
0.175 9.28533
0.17 9.27512
0.18 9.29587
0.185 9.30675
0.19 9.31797
0.195 9.32954
0.2 9.34145
0.215 9.37934
0.205 9.35372
0.21 9.36635
0.22 9.39269
0.225 9.40641
0.23 9.42051
0.24 9.44986
0.235 9.43499
0.25 9.48077
0.245 9.46512
0.255 9.49683
0.26 9.51329
0.265 9.53017
0.27 9.54747
0.275 9.5652
0.28 9.58336
0.285 9.60197
0.295 9.64052
0.29 9.62102
0.3 9.66049
0.305 9.68093
0.31 9.70185
0.315 9.72326
0.32 9.74517
0.325 9.76758
0.33 9.7905
0.335 9.81396
0.34 9.83794
0.345 9.86247
0.35 9.88756
0.355 9.91322
0.36 9.93945
0.365 9.96628
0.37 9.99371
0.375 10.0217
0.38 10.0504
0.39 10.1097
0.385 10.0797
0.395 10.1403
0.4 10.1717
0.405 10.2037
0.415 10.2699
0.41 10.2365
0.425 10.3392
0.42 10.3042
0.43 10.375
0.435 10.4116
0.44 10.449
0.445 10.4873
0.45 10.5265
0.455 10.5665
0.46 10.6075
0.465 10.6494
0.47 10.6923
0.475 10.7362
0.48 10.781
0.485 10.827
0.49 10.874
0.495 10.9222
0.5 10.9714
0.505 11.0219
0.51 11.0736
0.515 11.1265
0.525 11.2362
0.52 11.1807
0.53 11.2931
0.535 11.3514
0.545 11.4725
0.54 11.4112
0.55 11.5353
0.555 11.5997
0.56 11.6658
0.565 11.7336
0.57 11.8032
0.575 11.8746
0.58 11.948
0.585 12.0233
0.59 12.1006
0.595 12.1801
0.605 12.3457
0.6 12.2618
0.61 12.4321
0.615 12.5209
0.62 12.6123
0.63 12.8031
0.625 12.7063
0.635 12.9029
0.64 13.0056
0.645 13.1115
0.65 13.2207
0.655 13.3333
0.66 13.4495
0.665 13.5695
0.675 13.8214
0.67 13.6934
0.68 13.9537
0.685 14.0905
0.69 14.2321
0.695 14.3787
0.7 14.5305
0.705 14.6879
0.71 14.851
0.715 15.0203
0.72 15.1961
0.725 15.3787
0.73 15.5685
0.735 15.766
0.74 15.9716
0.745 16.1859
0.75 16.4093
0.755 16.6424
0.76 16.8859
0.765 17.1405
0.775 17.686
0.77 17.4069
0.78 17.9786
0.785 18.2858
0.79 18.6087
0.795 18.9484
0.8 19.3063
0.805 19.6839
0.815 20.5051
0.81 20.0829
0.82 20.9525
0.825 21.4274
0.83 21.9325
0.835 22.4707
0.84 23.0453
0.85 24.3196
0.855 25.0287
0.86 25.7931
0.845 23.6602
0.87 27.5159
0.865 26.6195
0.875 28.4915
0.88 29.5571
0.89 32.0132
0.885 30.7257
0.895 33.4384
0.9 35.0248
0.905 36.8011
0.91 38.8036
0.915 41.0783
0.92 43.6849
0.925 46.7013
0.935 54.4225
0.93 50.2326
0.94 59.4742
0.945 65.6838
0.955 83.6415
0.95 73.5007
0.96 97.3228
0.965 116.79
0.97 146.699
0.975 198.522
0.98 310.272
0.985 728.339
0.99 -1946.37
1 -227.174
0.995 -410.108
1.005 -156.115
1.015 -94.8954
1.01 -118.337
1.02 -78.9316
1.025 -67.3598
1.03 -58.5868
1.035 -51.7069
1.04 -46.167
1.045 -41.6106
1.055 -34.5585
1.05 -37.797
1.06 -31.774
1.065 -29.3544
1.07 -27.2324
1.075 -25.3564
1.085 -22.1887
1.08 -23.6858
1.09 -20.8395
1.095 -19.6173
1.1 -18.5049
1.105 -17.4883
1.11 -16.5555
1.115 -15.6966
1.125 -14.1681
1.12 -14.9032
1.13 -13.485
1.135 -12.8487
1.14 -12.2544
1.145 -11.6983
1.15 -11.1766
1.16 -10.2248
1.155 -10.6864
1.165 -9.78939
1.17 -9.37805
1.175 -8.98883
1.185 -8.26993
1.18 -8.61997
1.19 -7.93729
1.195 -7.6208
1.2 -7.31931
1.205 -7.03177
1.215 -6.49484
1.21 -6.75723
1.22 -6.2438
1.225 -6.00339
1.23 -5.77295
1.235 -5.55187
1.24 -5.33959
1.245 -5.1356
1.25 -4.93941
1.255 -4.75058
1.26 -4.56872
1.265 -4.39343
1.27 -4.22437
1.28 -3.90364
1.275 -4.06121
1.285 -3.75137
1.29 -3.60416
1.295 -3.46173
1.3 -3.32387
1.305 -3.19036
1.31 -3.06098
1.315 -2.93556
1.32 -2.8139
1.325 -2.69584
1.33 -2.58123
1.335 -2.4699
1.34 -2.36172
1.345 -2.25656
1.35 -2.15429
1.355 -2.05478
1.36 -1.95793
1.365 -1.86363
1.375 -1.68228
1.37 -1.77178
1.38 -1.59504
1.39 -1.427
1.385 -1.50997
1.395 -1.34603
1.4 -1.26701
1.41 -1.11449
1.415 1.04087
1.405 -1.18985
1.42 0.96892
1.425 0.898587
1.43 0.829814
1.435 0.762546
1.44 0.696733
1.445 0.632326
1.45 0.569278
1.455 0.507544
1.46 0.447082
1.465 0.387851
1.47 0.32981
1.475 0.272923
1.48 -0.217152
1.485 -0.162464
1.49 0.108825
1.495 -0.0562024
1.505 0.0461151
1.5 -0.00456555
1.51 -0.0958681
1.515 0.144721
1.52 0.1927
1.525 -0.239831
1.53 -0.286138
1.535 -0.331645
1.54 -0.376375
1.545 -0.42035
1.56 -0.54795
1.555 -0.506117
1.565 -0.589108
1.55 -0.46359
1.57 -0.629609
1.575 -0.669473
1.585 -0.747352
1.59 -0.785401
1.58 -0.708715
1.595 0.822876
1.6 0.859794
1.61 0.932015
1.605 0.896169
1.615 0.967345
1.625 1.03651
1.62 1.00217
1.635 1.10377
1.63 1.07037
1.64 1.13672
1.655 1.23295
1.65 1.20129
1.645 1.16922
1.66 1.26419
1.665 1.29504
1.67 1.32549
1.675 1.35557
1.69 1.44361
1.685 1.41462
1.68 1.38527
1.695 1.47226
1.7 1.50057
1.71 1.55622
1.705 1.52855
1.715 1.58357
1.73 1.66383
1.72 1.61062
1.725 1.63737
1.735 1.69001
1.74 1.71591
1.745 1.74154
1.75 1.7669
1.755 1.79201
1.765 1.84149
1.76 1.81687
1.77 1.86586
1.775 1.89
1.78 1.91391
1.785 1.9376
1.79 1.96107
1.795 1.98433
1.8 2.00738
1.805 2.03022
1.81 2.05287
1.815 2.07533
1.82 2.09759
1.83 2.14158
1.825 2.11968
1.84 2.18486
1.835 2.1633
1.845 2.20624
1.85 2.22746
1.855 2.24852
1.86 2.26943
1.87 2.31078
1.865 2.29018
1.875 2.33124
1.88 2.35155
1.885 2.37172
1.89 2.39176
1.895 2.41166
1.9 2.43143
1.905 2.45107
1.91 2.47059
1.915 2.48998
1.92 2.50926
1.925 2.52841
1.93 2.54745
1.935 2.56638
1.94 2.58519
1.945 2.6039
1.95 2.62249
1.955 2.64098
1.96 2.65937
1.965 2.67765
1.975 2.71391
1.97 2.69583
1.98 2.73188
1.985 2.74976
1.99 2.76754
1.995 2.78522
2 2.8028
2.005 2.82028
2.01 2.83766
2.015 2.85494
2.02 2.87212
2.025 2.8892
2.03 2.90617
2.035 2.92304
2.045 2.95646
2.04 2.93981
2.05 2.97299
2.055 2.98942
2.06 3.00572
2.07 3.03794
2.065 3.02189
2.075 3.05385
2.08 3.06962
2.085 3.08523
2.09 3.10069
2.095 3.11599
2.105 3.14604
2.1 3.13111
2.11 3.16078
2.115 3.1753
2.12 3.1896
2.125 3.20365
2.13 3.21744
2.135 3.23096
2.14 3.24417
2.145 3.25706
2.15 3.2696
2.155 3.28175
2.16 3.2935
2.165 3.30479
2.175 3.32588
2.17 3.3156
2.18 3.33558
2.185 3.34465
2.19 3.35303
2.195 3.36066
2.2 3.36746
2.205 3.37335
2.21 3.37824
2.215 3.38204
2.22 3.38463
2.225 3.38588
2.23 3.38567
2.235 3.38382
2.24 3.38018
2.245 3.37453
2.25 3.36666
2.255 3.35631
2.26 3.3432
2.265 3.32701
2.27 3.30738
2.275 3.28387
2.28 3.25602
2.285 3.22326
2.29 3.18499
2.3 3.08882
2.295 3.14045
2.305 3.02911
2.31 2.96018
2.32 2.78909
2.315 2.8807
2.325 2.6835
2.33 2.56173
2.335 2.42116
2.34 2.25865
2.345 -2.07038
2.35 -1.85177
2.355 -1.59717
2.36 -1.29965
2.365 -0.950613
2.37 -0.539265
2.375 -0.0519796
2.38 0.528655
2.385 1.22515
2.39 2.06695
2.395 3.09317
2.4 4.35657
2.405 5.92957
2.41 7.91365
2.415 10.4543
2.42 13.7657
2.425 18.1733
2.43 24.1897
2.435 32.6593
2.44 45.0502
2.445 64.0937
2.45 95.3392
2.455 151.483
2.46 266.961
2.465 563.931
2.47 1760.89
2.475 25611.2
2.48 8679.7
2.49 535.229
2.485 1351.6
2.495 288.546
2.5 181.668
2.505 125.558
2.51 92.3331
2.515 70.9618
2.52 56.3578
2.525 45.9064
2.53 38.1493
2.535 32.2197
2.54 27.5754
2.55 20.8427
2.545 23.8628
2.555 18.3489
2.56 16.2625
2.57 12.9875
2.565 14.4969
2.575 11.6853
2.58 10.5527
2.585 9.5603
2.595 7.90827
2.59 8.68501
2.6 7.21515
2.605 6.59348
2.61 6.03327
2.615 5.52623
2.62 5.06547
2.625 4.64517
2.63 4.26045
2.635 3.90714
2.64 3.58166
2.645 3.28097
2.65 3.00241
2.665 2.27809
2.66 2.50285
2.655 2.7437
2.67 2.06791
2.675 1.87094
2.68 1.686
2.685 1.51203
2.69 1.34808
2.695 1.19331
2.7 1.04698
2.705 0.908397
2.71 0.776965
2.715 0.652133
2.72 0.533407
2.725 -0.420338
2.73 -0.312519
2.735 -0.209581
2.74 0.111185
2.745 0.0170233
2.75 0.0731855
2.755 0.1597
2.76 0.242757
2.765 0.322575
2.77 -0.399355
2.775 -0.473283
2.78 -0.544528
2.785 -0.61325
2.79 0.679595
2.795 0.7437
2.8 0.80569
2.805 0.865684
2.81 0.923791
2.815 0.980113
2.82 1.03474
2.825 1.08778
2.83 1.13929
2.835 1.18936
2.84 1.23807
2.845 1.28548
2.855 1.37667
2.85 1.33166
2.86 1.42056
2.865 1.46339
2.87 1.5052
2.875 1.54606
2.88 1.586
2.895 1.70073
2.89 1.66329
2.885 1.62506
2.9 1.7374
2.905 1.77336
2.91 1.80862
2.915 1.84322
2.92 1.87719
2.93 1.94335
2.925 1.91056
2.935 1.97559
2.94 2.00731
2.945 2.03853
2.95 2.06927
2.955 2.09956
2.96 2.1294
2.965 2.15883
2.97 2.18787
2.975 2.21652
2.99 2.30039
2.98 2.24482
2.985 2.27277
2.995 2.3277
3 2.35471
3.01 2.40791
3.005 2.38145
3.015 2.43412
3.02 2.46009
3.025 2.48583
3.03 2.51135
3.035 2.53668
3.04 2.56181
3.045 2.58676
3.05 2.61154
3.055 2.63617
3.06 2.66066
3.065 2.685
3.07 2.70923
3.075 2.73333
3.08 2.75734
3.085 2.78125
3.09 2.80507
3.095 2.82882
3.1 2.85251
3.105 2.87614
3.11 2.89972
3.115 2.92327
3.12 2.94679
3.125 2.97028
3.13 2.99377
3.135 3.01727
3.14 3.04076
3.145 3.06428
3.15 3.08783
3.155 3.11141
3.16 3.13504
3.165 3.15872
3.17 3.18247
3.175 3.20629
3.18 3.2302
3.185 3.2542
3.19 3.27831
3.195 3.30253
3.2 3.32687
3.21 3.37598
3.205 3.35135
3.215 3.40076
3.22 3.42571
3.225 3.45083
3.23 3.47615
3.235 3.50167
3.24 3.52741
3.245 3.55337
3.255 3.60603
3.25 3.57958
3.26 3.63276
3.265 3.65977
3.27 3.68707
3.275 3.71469
3.285 3.77093
3.29 3.79958
3.295 3.82862
3.28 3.74264
3.3 3.85805
3.305 3.8879
3.31 3.91819
3.315 3.94893
3.32 3.98016
3.33 4.04415
3.325 4.01189
3.335 4.07696
3.345 4.14435
3.34 4.11035
3.35 4.17899
3.355 4.21429
3.36 4.2503
3.365 4.28704
3.37 4.32455
3.375 4.36286
3.38 4.40203
3.385 4.44208
3.39 4.48308
3.395 4.52505
3.4 4.56806
3.405 4.61217
3.41 4.65742
3.415 4.70387
3.42 4.7516
3.425 4.80068
3.43 4.85118
3.435 4.90317
3.44 4.95675
3.445 5.01201
3.45 5.06905
3.455 5.12797
3.46 5.1889
3.465 5.25195
3.47 5.31726
3.48 5.45527
3.475 5.38498
3.485 5.52831
3.49 5.60427
3.495 5.68338
3.5 5.76585
3.505 5.85193
3.51 5.9419
3.515 6.03606
3.52 6.13474
3.525 6.23832
3.53 6.34719
3.535 6.46182
3.54 6.58272
3.545 6.71047
3.55 6.84569
3.555 6.98914
3.56 7.14162
3.565 7.30407
3.57 7.47758
3.575 7.66337
3.58 7.86287
3.585 8.07773
3.59 8.30987
3.595 8.56157
3.6 8.8355
3.605 9.13485
3.615 9.82598
3.61 9.46346
3.62 10.2281
3.625 10.6768
3.63 11.181
3.635 11.7518
3.64 12.4036
3.645 13.1554
3.65 14.0322
3.655 15.0687
3.66 16.3133
3.665 17.8365
3.67 19.7444
3.675 22.205
3.68 25.5008
3.685 30.1462
3.69 37.1875
3.695 49.1297
3.705 155.355
3.7 73.8372
3.71 -1011.88
3.715 -114.185
3.72 -59.1714
3.725 -39.2973
3.73 -29.0409
3.735 -22.7783
3.74 -18.5551
3.745 -15.5133
3.75 -13.2168
3.76 -9.97697
3.755 -11.4208
3.765 -8.79041
3.77 -7.79745
3.775 -6.95383
3.78 -6.22782
3.785 -5.59609
3.79 -5.04109
3.795 -4.54935
3.8 -4.11041
3.805 -3.71597
3.81 -3.35941
3.815 -3.03535
3.82 -2.73938
3.825 -2.46788
3.83 -2.21783
3.835 -1.9867
3.84 -1.77236
3.845 -1.573
3.85 -1.38709
3.855 -1.21333
3.86 -1.05061
3.865 -0.898008
3.87 -0.754731
3.875 0.620133
3.88 0.493694
3.885 0.375015
3.89 0.263821
3.895 0.159959
3.9 0.0634169
3.905 -0.0256669
3.91 0.106974
3.915 -0.179968
3.92 -0.243846
3.925 -0.297458
3.93 -0.339207
3.935 -0.366894
3.945 0.366887
3.94 0.377503
3.95 0.32929
3.955 0.256634
3.96 0.137401
3.965 -0.0451556
3.97 0.315961
3.975 0.713173
3.98 1.29721
3.985 2.16777
3.99 3.49776
3.995 5.60668
4 9.13451
4.005 15.5098
4.01 28.4458
4.015 60.1248
4.02 170.861
4.025 1206.39
4.03 4354.69
4.035 317.914
4.04 111.754
4.045 58.1274
4.05 36.2112
4.055 25.0052
4.06 18.4444
4.07 11.355
4.065 14.2367
4.075 9.28105
4.08 7.72931
4.085 6.53144
4.09 5.58269
4.095 4.81491
4.1 4.18215
4.105 3.6524
4.11 3.20281
4.115 2.81666
4.12 2.48148
4.125 2.1878
4.135 1.69727
4.13 1.9283
4.14 1.49017
4.145 1.30337
4.15 1.13391
4.155 0.979403
4.16 0.837845
4.165 0.707586
4.17 0.587239
4.175 0.475633
4.18 0.371776
4.185 0.274817
4.19 0.184026
4.195 -0.0987724
4.2 0.0185093
4.205 0.0572411
4.21 -0.128897
4.215 -0.196826
4.22 0.261354
4.225 0.322767
4.23 0.381323
4.235 0.437249
4.24 0.490751
4.245 0.54201
4.25 0.591194
4.255 0.638451
4.26 0.683916
4.265 0.727712
4.27 0.769949
4.275 0.810731
4.28 0.85015
4.29 0.92523
4.285 0.88829
4.295 0.961042
4.305 1.02954
4.3 0.995792
4.31 1.06234
4.315 1.09425
4.32 1.12532
4.325 1.15559
4.33 1.1851
4.335 1.21389
4.34 1.24199
4.35 1.2963
4.345 1.26945
4.355 1.32255
4.36 1.34825
4.365 1.37342
4.37 1.39807
4.375 1.42225
4.38 1.44596
4.385 1.46923
4.395 1.51451
4.39 1.49207
4.4 1.53657
4.405 1.55825
4.41 1.57959
4.415 1.60058
4.42 1.62125
4.425 1.6416
4.43 1.66166
4.435 1.68143
4.44 1.70093
4.445 1.72016
4.45 1.73914
4.455 1.75788
4.46 1.77639
4.465 1.79467
4.47 1.81274
4.475 1.8306
4.48 1.84827
4.485 1.86575
4.49 1.88305
4.495 1.90017
4.5 1.91713
4.505 1.93392
4.51 1.95057
4.52 1.98343
4.515 1.96707
4.525 1.99966
4.53 2.01576
4.535 2.03173
4.54 2.0476
4.545 2.06335
4.55 2.07899
4.555 2.09454
4.56 2.10999
4.565 2.12535
4.57 2.14062
4.575 2.15582
4.58 2.17094
4.585 2.18599
4.59 2.20097
4.595 2.21589
4.6 2.23075
4.605 2.24556
4.61 2.26032
4.615 2.27504
4.62 2.28971
4.625 2.30435
4.63 2.31896
4.635 2.33353
4.64 2.34809
4.645 2.36262
4.655 2.39164
4.65 2.37713
4.66 2.40613
4.665 2.42062
4.67 2.43511
4.675 2.4496
4.68 2.4641
4.685 2.47861
4.69 2.49313
4.7 2.52224
4.695 2.50768
4.705 2.53683
4.71 2.55146
4.715 2.56611
4.72 2.58081
4.725 2.59555
4.73 2.61033
4.735 2.62516
4.74 2.64005
4.745 2.655
4.75 2.67001
4.755 2.68509
4.76 2.70024
4.765 2.71546
4.77 2.73076
4.775 2.74615
4.78 2.76162
4.785 2.77719
4.79 2.79285
4.795 2.80861
4.8 2.82447
4.805 2.84045
4.81 2.85653
4.815 2.87273
4.82 2.88905
4.825 2.9055
4.83 2.92207
4.835 2.93877
4.84 2.9556
4.845 2.97257
4.85 2.98967
4.855 3.00691
4.86 3.02429
4.865 3.04181
4.87 3.05947
4.875 3.07726
4.88 3.09519
4.885 3.11324
4.89 3.13142
4.9 3.16811
4.895 3.14972
4.905 3.1866
4.91 3.20516
4.915 3.22377
4.92 3.24241
4.93 3.27963
4.925 3.26105
4.935 3.29813
4.94 3.31648
4.945 3.33462
4.95 3.35245
4.955 3.36989
4.96 3.3868
4.965 3.40305
4.97 3.41845
4.975 3.43278
4.98 3.44579
4.985 3.45714
4.99 3.46644
4.995 3.4732
5 3.4768
